Frame,Entities,FPS,Frame Time (us)
0,11.0,0.0,384.1333333333333
1,16.0,965.0333333333333,1562.9333333333334
2,21.0,903.2333333333333,794.5333333333333
3,26.0,1021.5,648.7333333333333
4,31.0,1009.5,1002.6333333333333
5,36.0,996.3,1053.0333333333333
6,41.0,1010.6333333333333,907.1
7,46.0,1010.9333333333333,983.1
8,51.0,1009.0666666666667,999.9333333333333
9,56.0,1007.8333333333334,997.7666666666667
10,61.0,1006.9666666666667,997.4666666666667
11,66.0,1005.8333333333334,1003.5333333333333
12,71.0,1005.0333333333333,1003.0333333333333
13,76.0,1005.2,990.1666666666666
14,81.0,1004.6,1000.6333333333333
15,86.0,1004.5666666666667,995.6333333333333
16,91.0,1003.3,1012.4
17,96.0,1004.1,983.9666666666667
18,101.0,1003.8333333333334,1001.4333333333333
19,106.0,1003.5333333333333,997.1333333333333
20,111.0,1003.6,993.9333333333333
21,116.0,1003.4666666666667,999.2666666666667
22,121.0,1003.4666666666667,996.4666666666667
23,126.0,1003.2333333333333,1001.5666666666667
24,131.0,1003.2666666666667,995.4
25,136.0,1003.1333333333333,999.0666666666667
26,141.0,1002.8333333333334,1001.9333333333333
27,146.0,1003.0666666666667,991.4333333333333
28,151.0,1003.0,999.4333333333333
29,156.0,1003.1,994.6
30,161.0,1002.9666666666667,998.6
31,166.0,1002.7333333333333,999.3666666666667
32,171.0,1002.6666666666666,1001.9333333333333
33,176.0,1002.8,992.9
34,181.0,1002.7333333333333,997.9666666666667
35,186.0,1002.5,1003.6333333333333
36,191.0,1002.4333333333333,1001.0333333333333
37,196.0,1002.3,1000.1333333333333
38,201.0,1002.0333333333333,1008.4
39,206.0,1001.4,1021.0333333333333
40,211.0,1000.9333333333333,1012.7
41,216.0,1000.2,1033.1666666666667
42,221.0,999.5,1026.0333333333333
43,226.0,998.5333333333333,1043.8
44,231.0,996.9333333333333,1070.7
45,236.0,994.6666666666666,1106.2333333333333
46,241.0,990.6333333333333,1187.4
47,246.0,986.9333333333333,1190.9333333333334
48,251.0,982.4333333333333,1240.9333333333334
49,256.0,977.0,1289.6666666666667
50,261.0,971.5333333333333,1315.3333333333333
51,266.0,965.6,1351.5333333333333
52,271.0,959.0,1408.1
53,276.0,951.5666666666667,1476.7
54,281.0,943.5,1533.8
55,286.0,935.3666666666667,1574.8666666666666
56,291.0,926.4666666666667,1635.3333333333333
57,296.0,917.2666666666667,1702.8
58,301.0,907.8666666666667,1745.2
59,306.0,898.5333333333333,1781.9
60,311.0,888.9333333333333,1834.6
61,316.0,878.8666666666667,1907.2666666666667
62,321.0,869.1333333333333,1937.0
63,326.0,859.4333333333333,1975.2333333333333
64,331.0,849.6666666666666,2011.6666666666667
65,336.0,839.9333333333333,2076.1
66,341.0,829.8333333333334,2143.366666666667
67,346.0,819.8333333333334,2179.5666666666666
68,351.0,809.7,2268.2
69,356.0,799.4333333333333,2326.2
70,361.0,789.3333333333334,2363.866666666667
71,366.0,779.6,2398.3
72,371.0,769.3333333333334,2502.4666666666667
73,376.0,759.2,2581.5
74,381.0,748.8666666666667,2661.5333333333333
75,386.0,738.8,2696.633333333333
76,391.0,728.8666666666667,2766.7
77,396.0,718.7333333333333,2850.3333333333335
78,401.0,708.7,2942.366666666667
79,406.0,698.6666666666666,3020.133333333333
80,411.0,688.5,3124.3
81,416.0,678.4,3195.4333333333334
82,421.0,668.5,3266.8333333333335
83,426.0,658.7666666666667,3309.4666666666667
84,431.0,649.4,3382.4333333333334
85,436.0,639.9666666666667,3445.1666666666665
86,441.0,630.6666666666666,3547.2
87,446.0,621.5333333333333,3616.0333333333333
88,451.0,612.3666666666667,3714.1
89,456.0,603.4333333333333,3806.266666666667
90,461.0,594.6,3866.7
91,466.0,585.8,4003.3
92,471.0,576.7333333333333,4144.666666666667
93,476.0,568.0,4239.766666666666
94,481.0,559.3,4305.433333333333
95,486.0,551.0,4364.7
96,491.0,542.8,4437.9
97,496.0,534.9333333333333,4515.733333333334
98,501.0,526.9333333333333,4633.166666666667
99,506.0,519.0333333333333,4730.8
100,511.0,511.46666666666664,4816.4
101,516.0,503.9,4852.1
102,521.0,496.56666666666666,4981.8
103,526.0,489.26666666666665,5112.766666666666
104,531.0,482.1666666666667,5177.3
105,536.0,474.96666666666664,5331.266666666666
106,541.0,468.0,5452.833333333333
107,546.0,460.9,5632.833333333333
108,551.0,453.76666666666665,5874.733333333334
109,556.0,446.8666666666667,5913.066666666667
110,561.0,440.1,5976.966666666666
111,566.0,433.6333333333333,6032.833333333333
112,571.0,427.1666666666667,6201.8
113,576.0,420.93333333333334,6284.866666666667
114,581.0,414.76666666666665,6462.2
115,586.0,408.7,6496.333333333333
116,591.0,402.73333333333335,6649.4
117,596.0,396.73333333333335,6772.233333333334
118,601.0,390.8333333333333,6936.166666666667
119,606.0,385.3,7018.166666666667
120,611.0,379.56666666666666,7327.533333333334
121,616.0,373.76666666666665,7513.5
122,621.0,368.1666666666667,7702.1
123,626.0,362.76666666666665,7665.833333333333
124,631.0,357.43333333333334,7896.966666666666
125,636.0,352.1333333333333,8030.166666666667
126,641.0,347.0,8183.033333333334
127,646.0,341.9,8295.366666666667
128,651.0,336.76666666666665,8639.433333333332
129,656.0,331.7,8764.833333333334
130,661.0,326.56666666666666,9064.833333333334
131,666.0,321.8666666666667,8930.0
132,671.0,316.93333333333334,9543.166666666666
133,676.0,312.26666666666665,9233.333333333334
134,681.0,307.8,9536.3
135,686.0,303.23333333333335,9809.733333333334
136,691.0,298.8,10069.233333333334
137,696.0,294.4,10204.6
138,701.0,289.96666666666664,10411.233333333334
139,706.0,285.56666666666666,10693.166666666666
140,711.0,281.23333333333335,10950.133333333333
141,716.0,277.3,10950.8
142,721.0,273.1,11255.266666666666
143,726.0,269.3,11235.333333333334
144,731.0,265.26666666666665,11906.233333333334
145,736.0,261.4,11729.133333333333
146,741.0,257.56666666666666,11909.333333333334
147,746.0,253.86666666666667,12215.1
148,751.0,250.23333333333332,12246.866666666667
149,756.0,246.6,12761.966666666667
150,761.0,243.13333333333333,12831.566666666668
151,766.0,239.6,13041.0
152,771.0,236.3,13193.866666666667
153,776.0,232.9,13516.333333333334
154,781.0,229.53333333333333,13819.0
155,786.0,226.3,13982.466666666667
156,791.0,223.23333333333332,14166.766666666666
157,796.0,220.0,14495.966666666667
158,801.0,216.86666666666667,14753.266666666666
159,806.0,213.83333333333334,15129.733333333334
160,811.0,210.83333333333334,15221.333333333334
161,816.0,207.9,15979.366666666667
162,821.0,204.93333333333334,15978.7
163,826.0,201.93333333333334,16299.766666666666
164,831.0,199.1,16642.766666666666
165,836.0,196.4,16623.233333333334
166,841.0,193.6,17098.033333333333
167,846.0,190.83333333333334,17385.466666666667
168,851.0,188.3,17715.0
169,856.0,185.46666666666667,17953.833333333332
170,861.0,182.43333333333334,18277.233333333334
171,866.0,178.8,18648.066666666666
172,871.0,175.06666666666666,18951.2
173,876.0,170.0,19307.366666666665
174,881.0,162.83333333333334,19618.633333333335
175,886.0,150.86666666666667,19923.666666666668
176,891.0,136.33333333333334,20526.966666666667
177,896.0,122.4,20740.1
178,901.0,111.53333333333333,21127.333333333332
179,906.0,103.2,21134.633333333335
180,911.0,97.0,21763.933333333334
181,916.0,91.56666666666666,21892.833333333332
182,921.0,87.13333333333334,22353.833333333332
183,926.0,83.03333333333333,22412.7
184,931.0,79.46666666666667,23080.366666666665
185,936.0,76.26666666666667,23287.133333333335
186,941.0,73.36666666666666,23669.233333333334
187,946.0,70.56666666666666,24035.8
188,951.0,68.13333333333334,24609.1
189,956.0,65.66666666666667,24842.1
190,961.0,63.56666666666667,25604.5
191,966.0,61.53333333333333,25842.166666666668
192,971.0,59.7,26437.233333333334
193,976.0,57.93333333333333,26379.3
194,981.0,56.233333333333334,27246.8
195,986.0,54.63333333333333,27308.766666666666
196,991.0,53.1,28195.633333333335
197,996.0,51.6,28095.966666666667
198,1001.0,50.3,28924.933333333334
199,1006.0,48.96666666666667,29097.933333333334
200,1011.0,47.733333333333334,29758.466666666667
201,1016.0,46.46666666666667,30408.766666666666
202,1021.0,45.36666666666667,31220.433333333334
203,1026.0,44.166666666666664,31175.133333333335
204,1031.0,43.06666666666667,32034.2
205,1036.0,42.03333333333333,31984.933333333334
206,1041.0,41.1,32647.3
207,1046.0,40.166666666666664,32944.066666666666
208,1051.0,39.2,33824.833333333336
209,1056.0,38.43333333333333,33905.1
210,1061.0,37.53333333333333,34721.566666666666
211,1066.0,36.733333333333334,34937.566666666666
212,1071.0,35.86666666666667,35748.26666666667
213,1076.0,35.13333333333333,36208.166666666664
214,1081.0,34.43333333333333,36911.9
215,1086.0,33.766666666666666,37339.63333333333
216,1091.0,33.241379310344826,37893.96551724138
217,1096.0,32.67857142857143,38165.96428571428
218,1101.0,32.0,38892.17857142857
219,1106.0,31.40740740740741,39387.59259259259
220,1111.0,31.083333333333332,39521.458333333336
221,1116.0,30.52173913043478,40023.086956521736
222,1121.0,30.470588235294116,39816.117647058825
223,1126.0,30.0,40380.71428571428
224,1131.0,29.9,40201.3
225,1136.0,29.5,40771.75
226,1141.0,29.25,40442.5
227,1146.0,29.0,41687.0
