Frame,Entities,FPS,Frame Time (us)
0,11.0,0.0,421.1666666666667
1,16.0,940.2,1290.8333333333333
2,21.0,994.1666666666666,842.1333333333333
3,26.0,1091.1,653.8666666666667
4,31.0,1057.6,1011.0333333333333
5,36.0,1041.9666666666667,1020.8
6,41.0,1044.3666666666666,938.2
7,46.0,1038.6,992.4666666666667
8,51.0,1033.2333333333333,1000.0
9,56.0,1029.3,1000.4333333333333
10,61.0,1026.4,997.6
11,66.0,1023.8666666666667,999.3666666666667
12,71.0,1022.0333333333333,996.1333333333333
13,76.0,1020.1333333333333,1000.1333333333333
14,81.0,1018.6333333333333,999.0
15,86.0,1017.2333333333333,1001.6666666666666
16,91.0,1016.5666666666667,993.5
17,96.0,1015.3333333333334,1002.7666666666667
18,101.0,1014.6,998.8333333333334
19,106.0,1013.8333333333334,995.3333333333334
20,111.0,1013.0333333333333,1001.1
21,116.0,1012.5333333333333,998.8666666666667
22,121.0,1011.9666666666667,998.7333333333333
23,126.0,1011.6333333333333,995.9666666666667
24,131.0,1011.0666666666667,998.0
25,136.0,1010.6,1000.9333333333333
26,141.0,1010.3,997.3666666666667
27,146.0,1009.9333333333333,999.3333333333334
28,151.0,1009.6333333333333,997.8
29,156.0,1009.3666666666667,997.8666666666667
30,161.0,1009.0666666666667,1001.6333333333333
31,166.0,1008.7,997.4666666666667
32,171.0,1008.5,997.9
33,176.0,1008.1333333333333,999.3666666666667
34,181.0,1008.0,998.7
35,186.0,1007.8333333333334,999.4333333333333
36,191.0,1007.6666666666666,998.0666666666667
37,196.0,1007.4333333333333,998.9333333333333
38,201.0,1007.2,999.0
39,206.0,1007.0,1000.5333333333333
40,211.0,1006.8666666666667,997.6666666666666
41,216.0,1006.7333333333333,998.3333333333334
42,221.0,1006.5666666666667,999.5
43,226.0,1006.5,999.3666666666667
44,231.0,1006.4666666666667,997.3333333333334
45,236.0,1006.3333333333334,998.3
46,241.0,1006.2333333333333,998.9
47,246.0,1006.0666666666667,998.7666666666667
48,251.0,1005.9,1003.6
49,256.0,1005.7333333333333,996.3333333333334
50,261.0,1005.5333333333333,997.4333333333333
51,266.0,1005.2666666666667,1012.0
52,271.0,1005.2,990.8
53,276.0,1005.1666666666666,1000.8333333333334
54,281.0,1005.0333333333333,1005.9333333333333
55,286.0,1004.7333333333333,1010.6666666666666
56,291.0,1004.5666666666667,1003.8333333333334
57,296.0,1004.4333333333333,1001.6666666666666
58,301.0,1004.2666666666667,1002.9333333333333
59,306.0,1003.8666666666667,1020.2
60,311.0,1003.0,1045.1333333333334
61,316.0,1001.9666666666667,1064.6666666666667
62,321.0,1000.2,1100.3333333333333
63,326.0,998.1666666666666,1128.0333333333333
64,331.0,995.7,1159.3
65,336.0,992.8666666666667,1192.0333333333333
66,341.0,989.8333333333334,1212.3
67,346.0,986.3,1248.7666666666667
68,351.0,982.6333333333333,1278.2333333333333
69,356.0,978.4,1318.7
70,361.0,973.8,1351.0333333333333
71,366.0,969.2666666666667,1368.1333333333334
72,371.0,964.5,1398.6333333333334
73,376.0,959.4,1437.7666666666667
74,381.0,954.1333333333333,1467.4666666666667
75,386.0,948.4666666666667,1509.7666666666667
76,391.0,942.8333333333334,1544.9
77,396.0,936.7333333333333,1597.2333333333333
78,401.0,930.5333333333333,1619.5
79,406.0,924.1,1665.1333333333334
80,411.0,917.5,1702.8
81,416.0,910.9333333333333,1725.3
82,421.0,904.0666666666667,1766.3
83,426.0,897.4333333333333,1794.6
84,431.0,890.5333333333333,1837.9
85,436.0,883.5333333333333,1885.3333333333333
86,441.0,876.5,1918.8333333333333
87,446.0,869.2,1955.6666666666667
88,451.0,861.8333333333334,2007.9
89,456.0,854.4,2056.9333333333334
90,461.0,847.1333333333333,2081.1
91,466.0,839.9333333333333,2109.5
92,471.0,832.5666666666667,2164.5
93,476.0,825.2,2189.9333333333334
94,481.0,817.6333333333333,2243.5
95,486.0,810.3666666666667,2273.0333333333333
96,491.0,802.9333333333333,2316.5
97,496.0,795.6,2370.0666666666666
98,501.0,788.3,2401.8
99,506.0,780.8333333333334,2446.9
100,511.0,773.5666666666667,2488.3333333333335
101,516.0,766.3666666666667,2538.4
102,521.0,759.0,2595.3333333333335
103,526.0,751.5333333333333,2638.4333333333334
104,531.0,744.3666666666667,2669.8
105,536.0,737.1666666666666,2708.0666666666666
106,541.0,730.0666666666667,2761.733333333333
107,546.0,723.0,2805.2
108,551.0,715.9,2853.6666666666665
109,556.0,708.8333333333334,2914.5333333333333
110,561.0,701.8666666666667,2954.3333333333335
111,566.0,694.9333333333333,3014.733333333333
112,571.0,687.9,3063.733333333333
113,576.0,681.1333333333333,3101.3333333333335
114,581.0,674.2666666666667,3163.233333333333
115,586.0,667.4333333333333,3211.0666666666666
116,591.0,660.7666666666667,3248.6666666666665
117,596.0,654.1,3325.233333333333
118,601.0,647.2666666666667,3384.366666666667
119,606.0,640.9,3419.266666666667
120,611.0,634.3333333333334,3471.0
121,616.0,628.0666666666667,3515.4
122,621.0,621.6,3572.5333333333333
123,626.0,615.3,3633.2
124,631.0,609.1333333333333,3678.5
125,636.0,602.9,3737.9333333333334
126,641.0,596.8666666666667,3801.9333333333334
127,646.0,590.7,3851.1666666666665
128,651.0,584.7666666666667,3906.233333333333
129,656.0,578.9,3939.5666666666666
130,661.0,573.0,4014.4666666666667
131,666.0,567.3333333333334,4058.266666666667
132,671.0,561.5666666666667,4112.666666666667
133,676.0,556.0,4179.9
134,681.0,550.4,4230.133333333333
135,686.0,544.9,4301.266666666666
136,691.0,539.4,4358.366666666667
137,696.0,533.9666666666667,4427.466666666666
138,701.0,528.6333333333333,4490.366666666667
139,706.0,523.3,4563.233333333334
140,711.0,518.1,4598.766666666666
141,716.0,512.8666666666667,4684.366666666667
142,721.0,507.73333333333335,4737.933333333333
143,726.0,502.6666666666667,4778.3
144,731.0,497.76666666666665,4854.733333333334
145,736.0,492.8333333333333,4906.366666666667
146,741.0,487.8666666666667,4975.766666666666
147,746.0,483.1666666666667,5040.066666666667
148,751.0,478.3666666666667,5105.733333333334
149,756.0,473.6666666666667,5167.833333333333
150,761.0,469.06666666666666,5230.433333333333
151,766.0,464.43333333333334,5294.133333333333
152,771.0,459.93333333333334,5348.8
153,776.0,455.53333333333336,5418.9
154,781.0,451.1666666666667,5481.233333333334
155,786.0,446.76666666666665,5553.166666666667
156,791.0,442.5,5612.533333333334
157,796.0,438.3,5684.666666666667
158,801.0,433.96666666666664,5750.8
159,806.0,429.9,5829.866666666667
160,811.0,425.8666666666667,5889.433333333333
161,816.0,421.8666666666667,5964.633333333333
162,821.0,417.73333333333335,6022.8
163,826.0,413.8,6097.333333333333
164,831.0,409.96666666666664,6170.866666666667
165,836.0,406.1333333333333,6246.266666666666
166,841.0,402.26666666666665,6354.733333333334
167,846.0,398.43333333333334,6401.133333333333
168,851.0,394.76666666666665,6468.1
169,856.0,391.1333333333333,6544.333333333333
170,861.0,387.46666666666664,6615.966666666666
171,866.0,383.8333333333333,6695.0
172,871.0,380.3,6774.733333333334
173,876.0,376.8333333333333,6836.3
174,881.0,373.3333333333333,6906.333333333333
175,886.0,370.0,6981.266666666666
176,891.0,366.56666666666666,7058.566666666667
177,896.0,363.3,7157.7
178,901.0,359.96666666666664,7226.066666666667
179,906.0,356.6333333333333,7288.866666666667
180,911.0,353.46666666666664,7374.1
181,916.0,350.3333333333333,7476.266666666666
182,921.0,347.1333333333333,7546.833333333333
183,926.0,344.03333333333336,7606.233333333334
184,931.0,341.0,7672.733333333334
185,936.0,337.9,7738.6
186,941.0,334.93333333333334,7828.8
187,946.0,332.06666666666666,7922.666666666667
188,951.0,329.1666666666667,7984.633333333333
189,956.0,326.26666666666665,8055.9
190,961.0,323.46666666666664,8137.666666666667
191,966.0,320.7,8213.633333333333
192,971.0,317.9,8283.166666666666
193,976.0,315.26666666666665,8362.266666666666
194,981.0,312.5,8456.9
195,986.0,309.8,8522.566666666668
196,991.0,307.3,8631.066666666668
197,996.0,304.53333333333336,8712.3
198,1001.0,302.03333333333336,8779.7
199,1006.0,299.46666666666664,8866.233333333334
200,1011.0,296.96666666666664,8960.5
201,1016.0,294.5,9054.0
202,1021.0,291.93333333333334,9153.066666666668
203,1026.0,289.6333333333333,9212.066666666668
204,1031.0,287.23333333333335,9328.066666666668
205,1036.0,284.9,9421.533333333333
206,1041.0,282.5,9533.466666666667
207,1046.0,280.03333333333336,9644.333333333334
208,1051.0,277.8666666666667,9700.4
209,1056.0,275.6666666666667,9782.833333333334
210,1061.0,273.23333333333335,9869.233333333334
211,1066.0,271.06666666666666,9956.7
212,1071.0,268.9,10045.6
213,1076.0,266.73333333333335,10148.9
214,1081.0,264.73333333333335,10239.633333333333
215,1086.0,262.5,10314.166666666666
216,1091.0,260.23333333333335,10416.166666666666
217,1096.0,258.23333333333335,10525.7
218,1101.0,256.1666666666667,10639.9
219,1106.0,254.16666666666666,10692.566666666668
220,1111.0,252.13333333333333,10760.933333333332
221,1116.0,250.13333333333333,10841.066666666668
222,1121.0,248.13333333333333,10928.433333333332
223,1126.0,246.16666666666666,11036.2
224,1131.0,244.26666666666668,11139.366666666667
225,1136.0,242.46666666666667,11206.433333333332
226,1141.0,240.73333333333332,11325.6
227,1146.0,238.93333333333334,11395.7
228,1151.0,237.1,11497.433333333332
229,1156.0,235.13333333333333,11594.866666666667
230,1161.0,233.33333333333334,11676.233333333334
231,1166.0,230.4,11791.966666666667
232,1171.0,224.26666666666668,11886.533333333333
233,1176.0,213.33333333333334,11975.033333333333
234,1181.0,202.1,12071.933333333332
235,1186.0,190.93333333333334,12190.433333333332
236,1191.0,180.0,12270.0
237,1196.0,169.9,12413.666666666666
238,1201.0,161.83333333333334,12467.633333333333
239,1206.0,155.36666666666667,12592.766666666666
240,1211.0,149.86666666666667,12723.9
241,1216.0,144.96666666666667,12787.366666666667
242,1221.0,140.73333333333332,12883.033333333333
243,1226.0,136.86666666666667,12993.7
244,1231.0,133.3,13112.133333333333
245,1236.0,129.96666666666667,13202.233333333334
246,1241.0,127.1,13308.133333333333
247,1246.0,124.2,13404.566666666668
248,1251.0,121.53333333333333,13493.2
249,1256.0,119.13333333333334,13598.533333333333
250,1261.0,116.56666666666666,13745.266666666666
251,1266.0,114.43333333333334,13837.4
252,1271.0,112.4,13929.7
253,1276.0,110.43333333333334,14050.966666666667
254,1281.0,108.5,14141.633333333333
255,1286.0,106.6,14248.466666666667
256,1291.0,104.8,14346.933333333332
257,1296.0,103.23333333333333,14439.933333333332
258,1301.0,101.56666666666666,14537.066666666668
259,1306.0,100.03333333333333,14646.433333333332
260,1311.0,98.56666666666666,14740.633333333333
261,1316.0,97.03333333333333,14824.166666666666
262,1321.0,95.7,14919.433333333332
263,1326.0,94.46666666666667,15015.3
264,1331.0,93.03333333333333,15099.166666666666
265,1336.0,91.76666666666667,15222.6
266,1341.0,90.63333333333334,15315.533333333333
267,1346.0,89.5,15406.166666666666
268,1351.0,88.4,15505.433333333332
269,1356.0,87.2,15622.866666666667
270,1361.0,86.13333333333334,15719.833333333334
271,1366.0,85.1,15839.633333333333
272,1371.0,84.06666666666666,15985.866666666667
273,1376.0,83.06666666666666,16070.466666666667
274,1381.0,82.1,16162.666666666666
275,1386.0,81.13333333333334,16248.1
276,1391.0,80.2,16344.133333333333
277,1396.0,79.26666666666667,16457.866666666665
278,1401.0,78.46666666666667,16610.833333333332
279,1406.0,77.6,16679.266666666666
280,1411.0,76.83333333333333,16783.966666666667
281,1416.0,76.03333333333333,16898.133333333335
282,1421.0,75.1,17025.4
283,1426.0,74.36666666666666,17153.433333333334
284,1431.0,73.76666666666667,17266.5
285,1436.0,72.93333333333334,17389.0
286,1441.0,72.13333333333334,17519.266666666666
287,1446.0,71.53333333333333,17617.433333333334
288,1451.0,70.83333333333333,17750.266666666666
289,1456.0,70.06666666666666,17848.933333333334
290,1461.0,69.46666666666667,17988.0
291,1466.0,68.8,18091.966666666667
292,1471.0,68.03333333333333,18252.966666666667
293,1476.0,67.5,18333.033333333333
294,1481.0,66.8,18463.033333333333
295,1486.0,66.2,18652.033333333333
296,1491.0,65.73333333333333,18784.733333333334
297,1496.0,64.93333333333334,18890.833333333332
298,1501.0,64.46666666666667,19025.4
299,1506.0,63.8,19077.733333333334
300,1511.0,63.266666666666666,19179.366666666665
301,1516.0,62.733333333333334,19302.833333333332
302,1521.0,62.13333333333333,19448.2
303,1526.0,61.733333333333334,19590.1
304,1531.0,61.03333333333333,19737.8
305,1536.0,60.7,19886.766666666666
306,1541.0,60.03333333333333,20064.633333333335
307,1546.0,59.666666666666664,20193.933333333334
308,1551.0,59.03333333333333,20226.4
309,1556.0,58.666666666666664,20357.0
310,1561.0,58.03333333333333,20499.333333333332
311,1566.0,57.733333333333334,20639.766666666666
312,1571.0,57.06666666666667,20716.8
313,1576.0,56.766666666666666,20848.3
314,1581.0,56.1,20987.4
315,1586.0,55.833333333333336,21112.6
316,1591.0,55.36666666666667,21295.766666666666
317,1596.0,54.9,21435.066666666666
318,1601.0,54.53333333333333,21543.566666666666
319,1606.0,54.0,21679.533333333333
320,1611.0,53.766666666666666,21762.6
321,1616.0,53.1,21857.066666666666
322,1621.0,52.86666666666667,21999.6
323,1626.0,52.36666666666667,22125.533333333333
324,1631.0,51.93333333333333,22314.466666666667
325,1636.0,51.7,22454.766666666666
326,1641.0,51.1,22555.033333333333
327,1646.0,50.9,22644.4
328,1651.0,50.46666666666667,22775.0
329,1656.0,49.93333333333333,22882.166666666668
330,1661.0,49.8,23017.133333333335
331,1666.0,49.333333333333336,23143.6
332,1671.0,48.9,23274.566666666666
333,1676.0,48.63333333333333,23413.633333333335
334,1681.0,48.13333333333333,23611.633333333335
335,1686.0,47.9,23769.333333333332
336,1691.0,47.6,23902.7
337,1696.0,47.06666666666667,23976.266666666666
338,1701.0,46.9,24115.666666666668
339,1706.0,46.6,24274.766666666666
340,1711.0,46.03333333333333,24394.766666666666
341,1716.0,45.9,24508.7
342,1721.0,45.6,24656.233333333334
343,1726.0,45.2,24777.333333333332
344,1731.0,44.9,24944.7
345,1736.0,44.666666666666664,25174.8
346,1741.0,44.3,25218.7
347,1746.0,43.93333333333333,25375.166666666668
348,1751.0,43.8,25508.533333333333
349,1756.0,43.46666666666667,25725.266666666666
350,1761.0,42.96666666666667,25853.166666666668
351,1766.0,42.9,26007.9
352,1771.0,42.6,26156.1
353,1776.0,42.2,26295.5
354,1781.0,41.93333333333333,26427.133333333335
355,1786.0,41.833333333333336,26620.733333333334
356,1791.0,41.43333333333333,26836.166666666668
357,1796.0,41.0,26899.5
358,1801.0,40.9,27127.566666666666
359,1806.0,40.833333333333336,27241.766666666666
360,1811.0,40.36666666666667,27348.866666666665
361,1816.0,39.96666666666667,27478.9
362,1821.0,39.9,27635.233333333334
363,1826.0,39.7,27741.866666666665
364,1831.0,39.333333333333336,27891.133333333335
365,1836.0,38.93333333333333,28073.6
366,1841.0,38.9,28231.6
367,1846.0,38.766666666666666,28314.866666666665
368,1851.0,38.36666666666667,28387.1
369,1856.0,37.93333333333333,28558.2
370,1861.0,37.9,28721.766666666666
371,1866.0,37.86666666666667,28894.1
372,1871.0,37.36666666666667,29017.0
373,1876.0,37.03333333333333,29203.5
374,1881.0,36.9,29377.133333333335
375,1886.0,36.9,29549.766666666666
376,1891.0,36.56666666666667,29683.166666666668
377,1896.0,36.166666666666664,29823.166666666668
378,1901.0,35.96666666666667,29915.033333333333
379,1906.0,35.9,30086.466666666667
380,1911.0,35.86666666666667,30287.633333333335
381,1916.0,35.3,30450.4
382,1921.0,35.0,30611.733333333334
383,1926.0,34.93333333333333,30764.0
384,1931.0,34.9,30918.7
385,1936.0,34.86666666666667,31091.766666666666
386,1941.0,34.233333333333334,31260.733333333334
387,1946.0,34.0,31394.733333333334
388,1951.0,33.93333333333333,31568.933333333334
389,1956.0,33.9,31683.833333333332
390,1961.0,33.86666666666667,31905.633333333335
391,1966.0,33.233333333333334,32055.2
392,1971.0,33.0,32185.166666666668
393,1976.0,33.0,32356.6
394,1981.0,32.9,32522.2
395,1986.0,32.9,32672.233333333334
396,1991.0,32.53333333333333,32856.53333333333
397,1996.0,32.06666666666667,32944.166666666664
398,2001.0,32.0,33107.26666666667
399,2006.0,31.966666666666665,33274.333333333336
400,2011.0,31.9,33373.066666666666
401,2016.0,31.833333333333332,33574.23333333333
402,2021.0,31.333333333333332,33679.73333333333
403,2026.0,31.0,33906.6
404,2031.0,31.0,34028.03333333333
405,2036.0,30.966666666666665,34188.333333333336
406,2041.0,30.933333333333334,34317.96666666667
407,2046.0,30.833333333333332,34545.066666666666
408,2051.0,30.333333333333332,34695.8
409,2056.0,30.0,34834.666666666664
410,2061.0,30.0,35087.26666666667
411,2066.0,29.966666666666665,35219.2
412,2071.0,29.96551724137931,35394.06896551724
413,2076.0,29.964285714285715,35503.75
414,2081.0,29.555555555555557,35671.22222222222
415,2086.0,29.133333333333333,35757.4
416,2091.0,29.0,36250.5
