Frame,Entities,FPS,Frame Time (us)
0,11.0,0.0,929.5333333333333
1,16.0,1134.7,1049.2666666666667
2,21.0,1190.2666666666667,767.3333333333334
3,26.0,1175.1333333333334,762.6666666666666
4,31.0,1115.8666666666666,1021.0333333333333
5,36.0,1093.4333333333334,993.4333333333333
6,41.0,1087.9,933.1
7,46.0,1074.1666666666667,998.7
8,51.0,1064.1666666666667,998.5666666666667
9,56.0,1056.3666666666666,1001.2333333333333
10,61.0,1050.6333333333334,996.0666666666667
11,66.0,1045.6666666666667,1000.9666666666667
12,71.0,1041.8,997.7333333333333
13,76.0,1038.3333333333333,999.8
14,81.0,1035.7666666666667,995.3666666666667
15,86.0,1032.8666666666666,1005.6666666666666
16,91.0,1031.0333333333333,994.3666666666667
17,96.0,1029.0333333333333,1001.0
18,101.0,1027.5,997.8
19,106.0,1026.0,999.1666666666666
20,111.0,1024.9333333333334,994.1333333333333
21,116.0,1023.7,999.7333333333333
22,121.0,1022.6333333333333,997.9666666666667
23,126.0,1021.7,1000.4666666666667
24,131.0,1020.5333333333333,1003.0
25,136.0,1019.9,993.3666666666667
26,141.0,1019.1666666666666,1000.4333333333333
27,146.0,1018.5333333333333,996.0666666666667
28,151.0,1017.8666666666667,1000.2666666666667
29,156.0,1017.2666666666667,997.1666666666666
30,161.0,1016.5666666666667,1003.2
31,166.0,1016.2,995.6
32,171.0,1015.5,1003.9666666666667
33,176.0,1015.3,991.7333333333333
34,181.0,1014.7666666666667,1001.4333333333333
35,186.0,1014.4,998.4666666666667
36,191.0,1014.0333333333333,996.9333333333333
37,196.0,1013.5,1000.9333333333333
38,201.0,1013.2,997.3666666666667
39,206.0,1012.9333333333333,997.9
40,211.0,1012.4666666666667,1006.6666666666666
41,216.0,1012.3666666666667,992.1666666666666
42,221.0,1012.1,999.2333333333333
43,226.0,1011.9333333333333,996.0666666666667
44,231.0,1011.6,1000.1
45,236.0,1011.1,1003.2666666666667
46,241.0,1010.9,998.6666666666666
47,246.0,1010.7333333333333,996.7666666666667
48,251.0,1010.5666666666667,998.5
49,256.0,1010.4666666666667,998.4666666666667
50,261.0,1010.2,1000.3666666666667
51,266.0,1010.0,997.7
52,271.0,1009.8666666666667,997.0666666666667
53,276.0,1009.7333333333333,998.1
54,281.0,1009.4666666666667,998.9
55,286.0,1009.0666666666667,1011.1
56,291.0,1008.9666666666667,998.4666666666667
57,296.0,1008.9333333333333,994.3666666666667
58,301.0,1008.8,994.7
59,306.0,1008.6666666666666,996.1666666666666
60,311.0,1008.4666666666667,1001.6666666666666
61,316.0,1008.4666666666667,996.8666666666667
62,321.0,1008.3333333333334,999.1333333333333
63,326.0,1008.1666666666666,997.1
64,331.0,1008.0666666666667,997.3333333333334
65,336.0,1008.0333333333333,999.1666666666666
66,341.0,1007.9666666666667,1002.6333333333333
67,346.0,1007.9,997.6666666666666
68,351.0,1007.7666666666667,995.8666666666667
69,356.0,1007.5333333333333,999.8666666666667
70,361.0,1007.3666666666667,1003.2666666666667
71,366.0,1007.3666666666667,995.6666666666666
72,371.0,1007.2333333333333,1004.7
73,376.0,1007.1666666666666,998.7
74,381.0,1007.0666666666667,997.1
75,386.0,1007.0333333333333,995.0
76,391.0,1006.8333333333334,1003.4333333333333
77,396.0,1006.7333333333333,998.3
78,401.0,1006.7,996.6333333333333
79,406.0,1006.7,996.1666666666666
80,411.0,1006.6333333333333,998.9
81,416.0,1006.5,1002.2666666666667
82,421.0,1006.5333333333333,995.2
83,426.0,1006.4666666666667,998.6333333333333
84,431.0,1006.3666666666667,1001.3
85,436.0,1006.2,996.4
86,441.0,1006.2,999.1333333333333
87,446.0,1006.1,1002.3
88,451.0,1005.9666666666667,1003.0333333333333
89,456.0,1005.9,1001.0666666666667
90,461.0,1005.9,991.8
91,466.0,1005.9,997.1333333333333
92,471.0,1005.8,1001.6666666666666
93,476.0,1005.7666666666667,997.7333333333333
94,481.0,1005.6666666666666,1002.1333333333333
95,486.0,1005.6666666666666,991.6666666666666
96,491.0,1005.5666666666667,1001.2333333333333
97,496.0,1005.5666666666667,996.4333333333333
98,501.0,1005.4666666666667,998.9
99,506.0,1005.4,1005.1
100,511.0,1005.2,1006.2666666666667
101,516.0,1005.0666666666667,1010.4
102,521.0,1004.9,1013.7666666666667
103,526.0,1004.7666666666667,1008.4666666666667
104,531.0,1004.6666666666666,1005.4
105,536.0,1004.5666666666667,1009.7666666666667
106,541.0,1004.5666666666667,996.1666666666666
107,546.0,1004.6,998.3666666666667
108,551.0,1004.5333333333333,995.5
109,556.0,1004.4333333333333,999.4333333333333
110,561.0,1004.3333333333334,1005.9666666666667
111,566.0,1004.3,1002.2
112,571.0,1004.2666666666667,997.4333333333333
113,576.0,1004.3,995.7
114,581.0,1004.3333333333334,995.2666666666667
115,586.0,1004.3,998.9333333333333
116,591.0,1004.3,998.7666666666667
117,596.0,1004.2333333333333,998.9333333333333
118,601.0,1004.1333333333333,1002.7333333333333
119,606.0,1004.1,997.5333333333333
120,611.0,1004.1,998.6333333333333
121,616.0,1004.0333333333333,1003.9666666666667
122,621.0,1004.0666666666667,994.4333333333333
123,626.0,1004.0333333333333,1000.1333333333333
124,631.0,1004.0666666666667,995.4333333333333
125,636.0,1003.9666666666667,1001.2666666666667
126,641.0,1003.8666666666667,1003.1333333333333
127,646.0,1003.7333333333333,1012.0666666666667
128,651.0,1003.6666666666666,1006.0666666666667
129,656.0,1003.6666666666666,995.7666666666667
130,661.0,1003.5666666666667,1006.3666666666667
131,666.0,1003.5,1007.7333333333333
132,671.0,1003.5,995.2333333333333
133,676.0,1003.4666666666667,1001.0
134,681.0,1003.3666666666667,1009.8
135,686.0,1003.2666666666667,1009.2333333333333
136,691.0,1003.2,1003.0
137,696.0,1003.1,1010.3666666666667
138,701.0,1003.0666666666667,1007.3333333333334
139,706.0,1003.0,1005.9333333333333
140,711.0,1002.9,1008.2333333333333
141,716.0,1002.7333333333333,1028.5
142,721.0,1002.7,1012.2
143,726.0,1002.4,1023.6666666666666
144,731.0,1002.1,1032.6333333333334
145,736.0,1001.8333333333334,1032.9333333333334
146,741.0,1001.5666666666667,1041.6333333333334
147,746.0,1001.1666666666666,1049.6333333333334
148,751.0,1000.8,1048.4333333333334
149,756.0,1000.4,1072.7666666666667
150,761.0,999.8333333333334,1062.9666666666667
151,766.0,999.4,1073.2
152,771.0,998.8666666666667,1084.1666666666667
153,776.0,998.2666666666667,1094.5333333333333
154,781.0,997.6666666666666,1094.6
155,786.0,997.0,1112.7666666666667
156,791.0,996.2,1127.0333333333333
157,796.0,995.4333333333333,1125.3
158,801.0,994.6,1129.3333333333333
159,806.0,993.6333333333333,1163.5
160,811.0,992.8,1143.0
161,816.0,991.8,1156.9
162,821.0,990.8,1166.6333333333334
163,826.0,989.8666666666667,1164.2333333333333
164,831.0,988.9333333333333,1182.3333333333333
165,836.0,988.0,1187.7
166,841.0,986.8666666666667,1192.6333333333334
167,846.0,985.8,1188.3
168,851.0,984.7333333333333,1195.6666666666667
169,856.0,983.5333333333333,1225.7
170,861.0,982.3666666666667,1219.9333333333334
171,866.0,981.1666666666666,1228.6333333333334
172,871.0,979.9333333333333,1241.0666666666666
173,876.0,978.7333333333333,1253.7333333333333
174,881.0,977.4333333333333,1243.1
175,886.0,976.0,1275.0333333333333
176,891.0,974.6333333333333,1277.3
177,896.0,973.3,1290.1333333333334
178,901.0,972.0,1289.1333333333334
179,906.0,970.3,1311.8333333333333
180,911.0,968.8,1335.5333333333333
181,916.0,967.2,1326.6
182,921.0,965.7333333333333,1322.1666666666667
183,926.0,964.2,1332.8666666666666
184,931.0,962.6333333333333,1367.6666666666667
185,936.0,961.0666666666667,1344.3666666666666
186,941.0,959.6333333333333,1341.3666666666666
187,946.0,957.9666666666667,1356.5333333333333
188,951.0,956.4333333333333,1365.5333333333333
189,956.0,954.8,1382.1
190,961.0,953.1666666666666,1388.8666666666666
191,966.0,951.4666666666667,1399.5
192,971.0,949.8,1406.1333333333334
193,976.0,948.2,1407.1333333333334
194,981.0,946.4333333333333,1435.4
195,986.0,944.7,1424.7666666666667
196,991.0,943.1333333333333,1417.1666666666667
197,996.0,941.3333333333334,1440.0
198,1001.0,939.6,1444.1
199,1006.0,937.9333333333333,1444.7333333333333
200,1011.0,936.3,1465.5333333333333
201,1016.0,934.3333333333334,1483.8
202,1021.0,932.6,1492.4
203,1026.0,930.6666666666666,1509.7
204,1031.0,928.8,1530.4
205,1036.0,926.8,1535.9
206,1041.0,924.9333333333333,1540.2
207,1046.0,923.0666666666667,1535.1666666666667
208,1051.0,921.2333333333333,1535.6
209,1056.0,919.3333333333334,1525.1666666666667
210,1061.0,917.3666666666667,1586.5333333333333
211,1066.0,915.4666666666667,1604.9666666666667
212,1071.0,913.4333333333333,1586.3
213,1076.0,911.4333333333333,1594.3666666666666
214,1081.0,909.5666666666667,1584.7333333333333
215,1086.0,907.8,1575.8333333333333
216,1091.0,905.8333333333334,1578.9666666666667
217,1096.0,904.2,1576.4666666666667
218,1101.0,902.3666666666667,1576.3
219,1106.0,900.6,1586.6333333333334
220,1111.0,898.8,1584.9333333333334
221,1116.0,897.0666666666667,1584.4666666666667
222,1121.0,895.3333333333334,1612.5666666666666
223,1126.0,893.4333333333333,1619.2
224,1131.0,891.7333333333333,1634.0
225,1136.0,889.9666666666667,1623.1
226,1141.0,888.1,1629.0333333333333
227,1146.0,886.2,1666.8666666666666
228,1151.0,884.4666666666667,1652.2666666666667
229,1156.0,882.6333333333333,1651.8333333333333
230,1161.0,880.9,1658.4333333333334
231,1166.0,879.0666666666667,1687.3666666666666
232,1171.0,877.2,1702.5666666666666
233,1176.0,875.3,1694.3666666666666
234,1181.0,873.4333333333333,1718.1
235,1186.0,871.6,1721.9333333333334
236,1191.0,869.7333333333333,1710.4
237,1196.0,867.9,1725.4333333333334
238,1201.0,866.1333333333333,1728.2666666666667
239,1206.0,864.2666666666667,1736.8
240,1211.0,862.3333333333334,1763.2333333333333
241,1216.0,860.4666666666667,1749.7666666666667
242,1221.0,858.7666666666667,1766.4333333333334
243,1226.0,856.7666666666667,1784.4
244,1231.0,854.8333333333334,1786.7
245,1236.0,853.1333333333333,1783.6333333333334
246,1241.0,851.2333333333333,1797.2
247,1246.0,849.4,1826.2
248,1251.0,847.4666666666667,1819.4
249,1256.0,845.6333333333333,1827.8333333333333
250,1261.0,843.7,1853.7
251,1266.0,841.9333333333333,1837.7333333333333
252,1271.0,840.1333333333333,1848.2666666666667
253,1276.0,838.1,1865.5
254,1281.0,836.2333333333333,1881.3666666666666
255,1286.0,834.3333333333334,1890.2666666666667
256,1291.0,832.4,1880.3666666666666
257,1296.0,830.5333333333333,1906.3333333333333
258,1301.0,828.6,1900.9
259,1306.0,826.8666666666667,1916.6
260,1311.0,825.0,1904.4
261,1316.0,823.1333333333333,1930.9
262,1321.0,821.2666666666667,1953.6666666666667
263,1326.0,819.3,1944.2
264,1331.0,817.4666666666667,1955.5666666666666
265,1336.0,815.6,1968.8666666666666
266,1341.0,813.7333333333333,1993.0666666666666
267,1346.0,811.9,1972.4666666666667
268,1351.0,810.0333333333333,1998.4333333333334
269,1356.0,808.1333333333333,1992.8
270,1361.0,806.2,2016.6333333333334
271,1366.0,804.3333333333334,2032.5666666666666
272,1371.0,802.5333333333333,2041.1666666666667
273,1376.0,800.6,2050.3
274,1381.0,798.7333333333333,2045.2333333333333
275,1386.0,796.9,2052.6
276,1391.0,794.9333333333333,2067.9333333333334
277,1396.0,793.0666666666667,2073.5
278,1401.0,791.3666666666667,2072.4666666666667
279,1406.0,789.4666666666667,2081.266666666667
280,1411.0,787.6,2103.9666666666667
281,1416.0,785.6333333333333,2103.5333333333333
282,1421.0,783.8333333333334,2107.0666666666666
283,1426.0,781.9666666666667,2120.733333333333
284,1431.0,780.2,2135.7
285,1436.0,778.4333333333333,2132.866666666667
286,1441.0,776.6666666666666,2138.1
287,1446.0,774.8333333333334,2162.8333333333335
288,1451.0,772.9333333333333,2165.6666666666665
289,1456.0,771.1666666666666,2180.6666666666665
290,1461.0,769.3333333333334,2199.9
291,1466.0,767.4,2200.9
292,1471.0,765.5666666666667,2204.0333333333333
293,1476.0,763.8,2202.8
294,1481.0,762.0,2222.5
295,1486.0,760.1,2256.6
296,1491.0,758.3666666666667,2264.9333333333334
297,1496.0,756.6,2235.9333333333334
298,1501.0,754.8,2259.6666666666665
299,1506.0,752.9333333333333,2265.8
300,1511.0,751.0333333333333,2272.866666666667
301,1516.0,749.4333333333333,2286.9666666666667
302,1521.0,747.6333333333333,2287.2
303,1526.0,745.7666666666667,2331.4
304,1531.0,743.8,2359.4666666666667
305,1536.0,742.0333333333333,2360.4
306,1541.0,740.3333333333334,2364.733333333333
307,1546.0,738.3666666666667,2367.1666666666665
308,1551.0,736.6333333333333,2342.266666666667
309,1556.0,734.7666666666667,2386.1
310,1561.0,733.1,2388.2
311,1566.0,731.3333333333334,2380.3
312,1571.0,729.4666666666667,2393.0666666666666
313,1576.0,727.7666666666667,2442.1
314,1581.0,725.8666666666667,2474.5666666666666
315,1586.0,724.0,2496.0666666666666
316,1591.0,722.2,2499.7
317,1596.0,720.2333333333333,2538.9666666666667
318,1601.0,718.6,2458.3333333333335
319,1606.0,716.6666666666666,2487.1
320,1611.0,715.0666666666667,2488.9
321,1616.0,713.1,2568.5666666666666
322,1621.0,711.3,2554.233333333333
323,1626.0,709.5,2556.0
324,1631.0,707.6,2681.5
325,1636.0,705.7,2655.0
326,1641.0,703.7666666666667,2670.1666666666665
327,1646.0,701.8,2609.7
328,1651.0,700.2666666666667,2584.5
329,1656.0,698.4333333333333,2643.366666666667
330,1661.0,696.5,2711.1
331,1666.0,694.7,2699.9
332,1671.0,692.8666666666667,2682.866666666667
333,1676.0,691.2666666666667,2616.3333333333335
334,1681.0,689.4666666666667,2644.366666666667
335,1686.0,687.8,2666.766666666667
336,1691.0,686.1333333333333,2660.866666666667
337,1696.0,684.3,2653.6666666666665
338,1701.0,682.7333333333333,2706.8333333333335
339,1706.0,680.9,2727.5666666666666
340,1711.0,679.2333333333333,2706.9
341,1716.0,677.5666666666667,2708.4
342,1721.0,676.0,2677.9333333333334
343,1726.0,674.3333333333334,2705.1
344,1731.0,672.7333333333333,2726.4333333333334
345,1736.0,671.1,2710.133333333333
346,1741.0,669.4,2744.766666666667
347,1746.0,667.8333333333334,2790.5
348,1751.0,665.9666666666667,2886.5333333333333
349,1756.0,664.2333333333333,2889.133333333333
350,1761.0,662.4666666666667,2893.2
351,1766.0,660.7333333333333,2917.7
352,1771.0,659.1333333333333,2821.266666666667
353,1776.0,657.5,2792.3333333333335
354,1781.0,655.9666666666667,2776.9666666666667
355,1786.0,654.4333333333333,2805.4
356,1791.0,652.8666666666667,2810.0666666666666
357,1796.0,651.3666666666667,2815.4
358,1801.0,649.7666666666667,2827.4333333333334
359,1806.0,648.3666666666667,2821.4
360,1811.0,646.7333333333333,2827.0
361,1816.0,645.4,2889.633333333333
362,1821.0,643.7,2884.9333333333334
363,1826.0,642.3666666666667,2875.3333333333335
364,1831.0,640.6666666666666,2908.5666666666666
365,1836.0,639.1,2952.766666666667
366,1841.0,637.6333333333333,2922.3333333333335
367,1846.0,636.0333333333333,2949.0333333333333
368,1851.0,634.6,2941.3333333333335
369,1856.0,633.0333333333333,2938.7
370,1861.0,631.6333333333333,2933.3333333333335
371,1866.0,630.0666666666667,2956.0
372,1871.0,628.6333333333333,3002.0
373,1876.0,627.1333333333333,2961.1666666666665
374,1881.0,625.7,3037.133333333333
375,1886.0,624.0666666666667,3040.366666666667
376,1891.0,622.7666666666667,3024.366666666667
377,1896.0,621.1666666666666,3080.7
378,1901.0,619.6666666666666,3089.866666666667
379,1906.0,618.1333333333333,3099.4333333333334
380,1911.0,616.7333333333333,3035.5
381,1916.0,615.2666666666667,3090.3
382,1921.0,613.8666666666667,3070.8
383,1926.0,612.4,3075.0333333333333
384,1931.0,610.9333333333333,3103.4333333333334
385,1936.0,609.6666666666666,3081.6
386,1941.0,608.1333333333333,3126.2
387,1946.0,606.7,3176.8
388,1951.0,605.1666666666666,3233.0
389,1956.0,603.8333333333334,3151.4333333333334
390,1961.0,602.3333333333334,3158.266666666667
391,1966.0,600.9333333333333,3168.866666666667
392,1971.0,599.6333333333333,3153.233333333333
393,1976.0,598.2,3181.5
394,1981.0,596.8666666666667,3169.8333333333335
395,1986.0,595.5666666666667,3185.733333333333
396,1991.0,594.0666666666667,3191.133333333333
397,1996.0,592.8,3207.6
398,2001.0,591.3666666666667,3240.733333333333
399,2006.0,590.0666666666667,3255.0333333333333
400,2011.0,588.7666666666667,3239.0666666666666
401,2016.0,587.3,3244.8333333333335
402,2021.0,586.0666666666667,3279.133333333333
403,2026.0,584.5666666666667,3283.3
404,2031.0,583.3666666666667,3272.9333333333334
405,2036.0,582.0333333333333,3291.633333333333
406,2041.0,580.6666666666666,3303.866666666667
407,2046.0,579.3,3326.5
408,2051.0,578.0333333333333,3349.9
409,2056.0,576.6666666666666,3451.866666666667
410,2061.0,575.2,3457.9333333333334
411,2066.0,573.8666666666667,3446.4
412,2071.0,572.5333333333333,3361.9
413,2076.0,571.2,3420.9666666666667
414,2081.0,569.8333333333334,3461.9666666666667
415,2086.0,568.5333333333333,3459.266666666667
416,2091.0,567.2666666666667,3472.6
417,2096.0,565.9333333333333,3462.9333333333334
418,2101.0,564.4666666666667,3495.1
419,2106.0,563.3666666666667,3434.8333333333335
420,2111.0,562.1,3446.3
421,2116.0,560.7666666666667,3446.1
422,2121.0,559.5666666666667,3468.6666666666665
423,2126.0,558.3,3468.866666666667
424,2131.0,557.0666666666667,3500.6666666666665
425,2136.0,555.8333333333334,3497.1
426,2141.0,554.6333333333333,3543.1
427,2146.0,553.2666666666667,3491.0333333333333
428,2151.0,552.0666666666667,3528.5666666666666
429,2156.0,550.8666666666667,3560.5333333333333
430,2161.0,549.6666666666666,3559.6
431,2166.0,548.3,3572.9333333333334
432,2171.0,547.1666666666666,3572.4
433,2176.0,546.0,3601.6
434,2181.0,544.7,3665.8333333333335
435,2186.0,543.5333333333333,3524.6666666666665
436,2191.0,542.3,3555.3333333333335
437,2196.0,541.2333333333333,3595.7
438,2201.0,540.1,3548.9666666666667
439,2206.0,538.8666666666667,3630.9
440,2211.0,537.7,3674.6
441,2216.0,536.5333333333333,3578.8
442,2221.0,535.4666666666667,3583.2
443,2226.0,534.2666666666667,3635.6
444,2231.0,533.1666666666666,3601.9666666666667
445,2236.0,532.0333333333333,3633.3
446,2241.0,530.9333333333333,3655.766666666667
447,2246.0,529.7333333333333,3660.633333333333
448,2251.0,528.6333333333333,3666.6666666666665
449,2256.0,527.5666666666667,3709.266666666667
450,2261.0,526.4333333333333,3702.0666666666666
451,2266.0,525.3,3676.633333333333
452,2271.0,524.2333333333333,3739.4
453,2276.0,523.1666666666666,3720.5
454,2281.0,522.0333333333333,3701.6
455,2286.0,521.0,3717.4333333333334
456,2291.0,519.9333333333333,3766.4333333333334
457,2296.0,518.7666666666667,3736.266666666667
458,2301.0,517.7,3831.0333333333333
459,2306.0,516.5,3912.133333333333
460,2311.0,515.3,3918.9
461,2316.0,514.1666666666666,3943.733333333333
462,2321.0,513.0,3951.633333333333
463,2326.0,511.8333333333333,3924.5
464,2331.0,510.76666666666665,3897.866666666667
465,2336.0,509.73333333333335,3830.1666666666665
466,2341.0,508.73333333333335,3831.3
467,2346.0,507.6666666666667,3916.233333333333
468,2351.0,506.6,3902.866666666667
469,2356.0,505.53333333333336,3858.9333333333334
470,2361.0,504.53333333333336,3865.633333333333
471,2366.0,503.5,3885.1
472,2371.0,502.5,3912.233333333333
473,2376.0,501.4,3992.733333333333
474,2381.0,500.3666666666667,3981.866666666667
475,2386.0,499.1666666666667,3964.9666666666667
476,2391.0,498.03333333333336,3950.733333333333
477,2396.0,496.96666666666664,3941.6666666666665
478,2401.0,495.9,3947.4333333333334
479,2406.0,494.8333333333333,3973.9333333333334
480,2411.0,493.76666666666665,3979.0
481,2416.0,492.6666666666667,3983.4
482,2421.0,491.53333333333336,3994.9666666666667
483,2426.0,490.3666666666667,3987.6666666666665
484,2431.0,489.1666666666667,4003.133333333333
485,2436.0,487.76666666666665,4040.3
486,2441.0,486.26666666666665,4031.3333333333335
487,2446.0,484.7,4076.766666666667
488,2451.0,482.8333333333333,4059.633333333333
489,2456.0,480.5,4080.2
490,2461.0,477.8,4098.166666666667
491,2466.0,475.03333333333336,4119.7
492,2471.0,472.1,4106.033333333334
493,2476.0,468.96666666666664,4130.033333333334
494,2481.0,465.76666666666665,4122.166666666667
495,2486.0,462.56666666666666,4156.566666666667
496,2491.0,459.3,4255.5
497,2496.0,456.23333333333335,4149.0
498,2501.0,453.1,4264.933333333333
499,2506.0,449.7,4288.566666666667
500,2511.0,446.3333333333333,4233.4
501,2516.0,443.2,4206.6
502,2521.0,440.03333333333336,4273.433333333333
503,2526.0,436.7,4251.166666666667
504,2531.0,433.3333333333333,4311.166666666667
505,2536.0,430.1333333333333,4238.933333333333
506,2541.0,426.8666666666667,4241.333333333333
507,2546.0,423.6333333333333,4248.066666666667
508,2551.0,420.4,4267.366666666667
509,2556.0,417.06666666666666,4297.366666666667
510,2561.0,413.76666666666665,4299.6
511,2566.0,410.46666666666664,4349.033333333334
512,2571.0,407.1,4308.9
513,2576.0,403.9,4330.333333333333
514,2581.0,400.6333333333333,4364.7
515,2586.0,397.23333333333335,4421.766666666666
516,2591.0,393.8333333333333,4369.966666666666
517,2596.0,390.46666666666664,4363.066666666667
518,2601.0,387.3,4364.333333333333
519,2606.0,384.03333333333336,4374.5
520,2611.0,380.8,4387.966666666666
521,2616.0,377.6333333333333,4400.733333333334
522,2621.0,374.43333333333334,4413.8
523,2626.0,371.26666666666665,4437.466666666666
524,2631.0,368.26666666666665,4439.5
525,2636.0,365.3,4453.266666666666
526,2641.0,362.3666666666667,4453.266666666666
527,2646.0,359.73333333333335,4491.533333333334
528,2651.0,357.0,4514.533333333334
529,2656.0,354.3666666666667,4488.6
530,2661.0,351.8666666666667,4497.333333333333
531,2666.0,349.3666666666667,4513.4
532,2671.0,346.93333333333334,4645.466666666666
533,2676.0,344.5,4691.9
534,2681.0,342.06666666666666,4671.7
535,2686.0,339.7,4730.066666666667
536,2691.0,337.5,4726.133333333333
537,2696.0,335.4,4554.7
538,2701.0,333.3,4608.966666666666
539,2706.0,331.26666666666665,4589.833333333333
540,2711.0,329.26666666666665,4610.366666666667
541,2716.0,327.43333333333334,4615.966666666666
542,2721.0,325.3333333333333,4686.5
543,2726.0,323.4,4696.0
544,2731.0,321.53333333333336,4668.7
545,2736.0,319.6333333333333,4734.866666666667
546,2741.0,317.6666666666667,4754.866666666667
547,2746.0,315.9,4690.633333333333
548,2751.0,314.1333333333333,4701.4
549,2756.0,312.3333333333333,4721.7
550,2761.0,310.6666666666667,4719.433333333333
551,2766.0,308.93333333333334,4764.733333333334
552,2771.0,307.26666666666665,4816.833333333333
553,2776.0,305.6666666666667,4757.166666666667
554,2781.0,303.9,4810.066666666667
555,2786.0,302.46666666666664,4789.9
556,2791.0,300.76666666666665,4790.666666666667
557,2796.0,299.3333333333333,4822.633333333333
558,2801.0,297.6666666666667,4868.966666666666
559,2806.0,296.26666666666665,4863.8
560,2811.0,294.7,4812.866666666667
561,2816.0,293.43333333333334,4833.766666666666
562,2821.0,291.9,4840.266666666666
563,2826.0,290.46666666666664,4859.366666666667
564,2831.0,289.06666666666666,4859.333333333333
565,2836.0,287.7,4856.3
566,2841.0,286.3666666666667,4886.966666666666
567,2846.0,285.2,4876.633333333333
568,2851.0,283.6666666666667,4894.2
569,2856.0,282.5,4910.1
570,2861.0,281.26666666666665,4956.333333333333
571,2866.0,280.06666666666666,4928.5
572,2871.0,278.73333333333335,4950.1
573,2876.0,277.53333333333336,4954.066666666667
574,2881.0,276.43333333333334,4962.5
575,2886.0,275.1333333333333,4991.766666666666
576,2891.0,273.9,4992.9
577,2896.0,272.8,4988.966666666666
578,2901.0,271.7,5092.633333333333
579,2906.0,270.6,5063.5
580,2911.0,269.46666666666664,5064.033333333334
581,2916.0,268.3333333333333,5043.8
582,2921.0,267.26666666666665,5062.2
583,2926.0,266.23333333333335,5092.066666666667
584,2931.0,265.1333333333333,5081.266666666666
585,2936.0,264.1333333333333,5100.733333333334
586,2941.0,263.1333333333333,5083.666666666667
587,2946.0,262.1,5172.1
588,2951.0,261.1,5147.266666666666
589,2956.0,260.2,5101.433333333333
590,2961.0,259.26666666666665,5150.066666666667
591,2966.0,258.3333333333333,5219.866666666667
592,2971.0,257.3,5177.666666666667
593,2976.0,256.43333333333334,5176.066666666667
594,2981.0,255.5,5210.733333333334
595,2986.0,254.56666666666666,5177.2
596,2991.0,253.6,5211.833333333333
597,2996.0,252.66666666666666,5250.166666666667
598,3001.0,251.76666666666668,5230.866666666667
599,3006.0,250.8,5235.933333333333
600,3011.0,249.93333333333334,5258.566666666667
601,3016.0,249.16666666666666,5261.8
602,3021.0,248.26666666666668,5323.333333333333
603,3026.0,247.4,5451.2
604,3031.0,246.56666666666666,5386.933333333333
605,3036.0,245.66666666666666,5325.0
606,3041.0,244.8,5316.133333333333
607,3046.0,243.96666666666667,5316.033333333334
608,3051.0,243.2,5373.9
609,3056.0,242.33333333333334,5362.533333333334
610,3061.0,241.4,5354.9
611,3066.0,240.56666666666666,5398.7
612,3071.0,239.73333333333332,5380.5
613,3076.0,238.93333333333334,5388.066666666667
614,3081.0,238.2,5450.6
615,3086.0,237.4,5418.733333333334
616,3091.0,236.6,5424.833333333333
617,3096.0,235.8,5488.566666666667
618,3101.0,235.06666666666666,5458.633333333333
619,3106.0,234.16666666666666,5551.533333333334
620,3111.0,233.46666666666667,5507.033333333334
621,3116.0,232.73333333333332,5494.366666666667
622,3121.0,231.96666666666667,5504.833333333333
623,3126.0,231.3,5543.533333333334
624,3131.0,230.6,5593.666666666667
625,3136.0,229.76666666666668,5590.2
626,3141.0,229.03333333333333,5640.4
627,3146.0,228.23333333333332,5586.5
628,3151.0,227.53333333333333,5590.733333333334
629,3156.0,226.86666666666667,5600.6
630,3161.0,226.13333333333333,5607.3
631,3166.0,225.43333333333334,5615.666666666667
632,3171.0,224.8,5644.433333333333
633,3176.0,224.0,5634.266666666666
634,3181.0,223.4,5663.333333333333
635,3186.0,222.83333333333334,5683.2
636,3191.0,222.0,5653.733333333334
637,3196.0,221.4,5670.133333333333
638,3201.0,220.9,5682.366666666667
639,3206.0,220.1,5712.933333333333
640,3211.0,219.3,5709.933333333333
641,3216.0,218.9,5710.966666666666
642,3221.0,218.1,5731.3
643,3226.0,217.5,5709.5
644,3231.0,216.9,5740.433333333333
645,3236.0,216.16666666666666,5746.833333333333
646,3241.0,215.6,5883.633333333333
647,3246.0,214.96666666666667,5864.066666666667
648,3251.0,214.3,5796.566666666667
649,3256.0,213.73333333333332,5812.033333333334
650,3261.0,213.13333333333333,5808.4
651,3266.0,212.46666666666667,5824.533333333334
652,3271.0,211.8,5866.3
653,3276.0,211.23333333333332,5961.8
654,3281.0,210.6,5973.933333333333
655,3286.0,210.0,5902.766666666666
656,3291.0,209.43333333333334,5922.0
657,3296.0,208.8,5900.6
658,3301.0,208.3,5919.733333333334
659,3306.0,207.6,5922.8
660,3311.0,207.03333333333333,5931.7
661,3316.0,206.4,6027.8
662,3321.0,205.76666666666668,5970.033333333334
663,3326.0,205.23333333333332,5982.966666666666
664,3331.0,204.66666666666666,6004.666666666667
665,3336.0,204.1,6010.966666666666
666,3341.0,203.5,6014.433333333333
667,3346.0,202.86666666666667,6051.933333333333
668,3351.0,202.4,6060.766666666666
669,3356.0,201.8,6149.866666666667
670,3361.0,201.23333333333332,6128.633333333333
671,3366.0,200.63333333333333,6085.3
672,3371.0,200.1,6139.2
673,3376.0,199.53333333333333,6072.133333333333
674,3381.0,198.93333333333334,6121.3
675,3386.0,198.46666666666667,6163.833333333333
676,3391.0,197.76666666666668,6172.8
677,3396.0,197.3,6149.433333333333
678,3401.0,196.66666666666666,6154.766666666666
679,3406.0,196.23333333333332,6172.233333333334
680,3411.0,195.63333333333333,6171.133333333333
681,3416.0,195.23333333333332,6194.033333333334
682,3421.0,194.63333333333333,6189.1
683,3426.0,194.2,6206.066666666667
684,3431.0,193.6,6209.033333333334
685,3436.0,193.16666666666666,6202.466666666666
686,3441.0,192.56666666666666,6216.4
687,3446.0,192.16666666666666,6249.1
688,3451.0,191.56666666666666,6237.6
689,3456.0,191.13333333333333,6238.9
690,3461.0,190.6,6257.333333333333
691,3466.0,190.16666666666666,6342.8
692,3471.0,189.6,6289.266666666666
693,3476.0,189.2,6311.466666666666
694,3481.0,188.6,6357.966666666666
695,3486.0,188.2,6337.2
696,3491.0,187.66666666666666,6343.566666666667
697,3496.0,187.2,6365.433333333333
698,3501.0,186.73333333333332,6424.6
699,3506.0,186.23333333333332,6489.933333333333
700,3511.0,185.8,6400.066666666667
701,3516.0,185.23333333333332,6441.833333333333
702,3521.0,184.76666666666668,6405.9
703,3526.0,184.36666666666667,6446.766666666666
704,3531.0,183.8,6469.066666666667
705,3536.0,183.4,6431.033333333334
706,3541.0,182.9,6464.333333333333
707,3546.0,182.53333333333333,6461.566666666667
708,3551.0,182.06666666666666,6481.966666666666
709,3556.0,181.66666666666666,6494.333333333333
710,3561.0,181.13333333333333,6501.533333333334
711,3566.0,180.73333333333332,6507.5
712,3571.0,180.33333333333334,6577.966666666666
713,3576.0,179.86666666666667,6604.166666666667
714,3581.0,179.46666666666667,6594.466666666666
715,3586.0,178.96666666666667,6588.633333333333
716,3591.0,178.6,6611.1
717,3596.0,178.16666666666666,6593.8
718,3601.0,177.76666666666668,6659.633333333333
719,3606.0,177.33333333333334,6691.566666666667
720,3611.0,176.76666666666668,6723.733333333334
721,3616.0,176.5,6665.333333333333
722,3621.0,175.9,6683.9
723,3626.0,175.66666666666666,6663.133333333333
724,3631.0,175.1,6724.0
725,3636.0,174.73333333333332,6706.366666666667
726,3641.0,174.4,6701.233333333334
727,3646.0,173.86666666666667,6729.566666666667
728,3651.0,173.63333333333333,6726.733333333334
729,3656.0,173.03333333333333,6729.9
730,3661.0,172.76666666666668,6772.166666666667
731,3666.0,172.23333333333332,6793.766666666666
732,3671.0,171.9,6797.1
733,3676.0,171.6,6807.0
734,3681.0,171.0,6809.233333333334
735,3686.0,170.7,6784.9
736,3691.0,170.13333333333333,6850.233333333334
737,3696.0,169.9,6848.3
738,3701.0,169.5,6856.1
739,3706.0,168.96666666666667,6843.933333333333
740,3711.0,168.8,6905.766666666666
741,3716.0,168.2,6888.933333333333
742,3721.0,167.93333333333334,6897.066666666667
743,3726.0,167.5,6931.433333333333
744,3731.0,167.1,6974.433333333333
745,3736.0,166.7,6966.933333333333
746,3741.0,166.33333333333334,6973.966666666666
747,3746.0,166.03333333333333,7002.1
748,3751.0,165.66666666666666,6969.133333333333
749,3756.0,165.23333333333332,7000.7
750,3761.0,164.76666666666668,7016.866666666667
751,3766.0,164.46666666666667,7037.7
752,3771.0,164.13333333333333,7057.633333333333
753,3776.0,163.66666666666666,7087.333333333333
754,3781.0,163.46666666666667,7050.066666666667
755,3786.0,162.93333333333334,7085.333333333333
756,3791.0,162.6,7099.3
757,3796.0,162.2,7132.0
758,3801.0,161.8,7150.133333333333
759,3806.0,161.5,7129.7
760,3811.0,161.1,7156.033333333334
761,3816.0,160.73333333333332,7149.733333333334
762,3821.0,160.4,7130.366666666667
763,3826.0,160.06666666666666,7142.933333333333
764,3831.0,159.76666666666668,7206.133333333333
765,3836.0,159.36666666666667,7173.833333333333
766,3841.0,159.0,7200.533333333334
767,3846.0,158.73333333333332,7197.733333333334
768,3851.0,158.4,7212.933333333333
769,3856.0,158.0,7223.5
770,3861.0,157.7,7235.0
771,3866.0,157.3,7239.066666666667
772,3871.0,157.0,7256.3
773,3876.0,156.66666666666666,7334.566666666667
774,3881.0,156.3,7305.1
775,3886.0,156.1,7339.266666666666
776,3891.0,155.63333333333333,7307.633333333333
777,3896.0,155.33333333333334,7320.766666666666
778,3901.0,154.96666666666667,7357.333333333333
779,3906.0,154.66666666666666,7379.9
780,3911.0,154.3,7442.066666666667
781,3916.0,154.1,7367.3
782,3921.0,153.6,7384.033333333334
783,3926.0,153.33333333333334,7400.033333333334
784,3931.0,153.1,7569.233333333334
785,3936.0,152.6,7562.166666666667
786,3941.0,152.36666666666667,7446.466666666666
787,3946.0,152.06666666666666,7559.6
788,3951.0,151.6,7544.6
789,3956.0,151.33333333333334,7530.766666666666
790,3961.0,151.06666666666666,7527.4
791,3966.0,150.7,7515.3
792,3971.0,150.33333333333334,7516.833333333333
793,3976.0,150.16666666666666,7630.8
794,3981.0,149.63333333333333,7872.3
795,3986.0,149.33333333333334,7824.366666666667
796,3991.0,149.03333333333333,7618.933333333333
797,3996.0,148.6,7591.666666666667
798,4001.0,148.4,7623.266666666666
799,4006.0,148.23333333333332,7588.466666666666
800,4011.0,147.76666666666668,7623.266666666666
801,4016.0,147.46666666666667,7639.066666666667
802,4021.0,147.4,7649.633333333333
803,4026.0,147.0,7648.466666666666
804,4031.0,146.53333333333333,7684.966666666666
805,4036.0,146.4,7680.7
806,4041.0,146.1,7683.366666666667
807,4046.0,145.7,7696.233333333334
808,4051.0,145.4,7717.166666666667
809,4056.0,145.3,7738.2
810,4061.0,144.9,7751.8
811,4066.0,144.5,7751.266666666666
812,4071.0,144.4,7785.133333333333
813,4076.0,144.06666666666666,7881.466666666666
814,4081.0,143.7,7999.466666666666
815,4086.0,143.4,7910.466666666666
816,4091.0,143.23333333333332,7873.933333333333
817,4096.0,142.86666666666667,7830.633333333333
818,4101.0,142.5,7861.533333333334
819,4106.0,142.36666666666667,7927.333333333333
820,4111.0,141.96666666666667,7876.8
821,4116.0,141.73333333333332,7863.633333333333
822,4121.0,141.46666666666667,7895.266666666666
823,4126.0,141.23333333333332,7930.133333333333
824,4131.0,140.8,7895.266666666666
825,4136.0,140.6,7936.2
826,4141.0,140.4,7948.1
827,4146.0,140.06666666666666,7944.666666666667
828,4151.0,139.73333333333332,7949.166666666667
829,4156.0,139.53333333333333,7963.4
830,4161.0,139.26666666666668,7978.866666666667
831,4166.0,138.9,8020.3
832,4171.0,138.73333333333332,8052.866666666667
833,4176.0,138.5,8096.6
834,4181.0,138.16666666666666,8292.133333333333
835,4186.0,137.8,8076.866666666667
836,4191.0,137.6,8154.633333333333
837,4196.0,137.3,8097.033333333334
838,4201.0,137.0,8256.366666666667
839,4206.0,136.76666666666668,8140.333333333333
840,4211.0,136.5,8177.066666666667
841,4216.0,136.26666666666668,8137.633333333333
842,4221.0,136.0,8151.566666666667
843,4226.0,135.63333333333333,8179.433333333333
844,4231.0,135.46666666666667,8280.666666666666
845,4236.0,135.2,8226.133333333333
846,4241.0,134.9,8298.633333333333
847,4246.0,134.6,8235.4
848,4251.0,134.46666666666667,8232.0
849,4256.0,134.13333333333333,8268.3
850,4261.0,133.93333333333334,8259.433333333332
851,4266.0,133.56666666666666,8270.7
852,4271.0,133.36666666666667,8398.8
853,4276.0,133.16666666666666,8367.866666666667
854,4281.0,132.9,8333.266666666666
855,4286.0,132.53333333333333,8318.666666666666
856,4291.0,132.4,8296.9
857,4296.0,132.2,8402.8
858,4301.0,131.83333333333334,8338.333333333334
859,4306.0,131.56666666666666,8381.366666666667
860,4311.0,131.4,8365.566666666668
861,4316.0,131.26666666666668,8405.333333333334
862,4321.0,130.86666666666667,8425.433333333332
863,4326.0,130.66666666666666,8425.2
864,4331.0,130.46666666666667,8439.533333333333
865,4336.0,130.26666666666668,8418.366666666667
866,4341.0,129.93333333333334,8457.233333333334
867,4346.0,129.63333333333333,8441.866666666667
868,4351.0,129.46666666666667,8503.333333333334
869,4356.0,129.3,8485.4
870,4361.0,129.1,8590.266666666666
871,4366.0,128.56666666666666,8615.033333333333
872,4371.0,128.5,8612.833333333334
873,4376.0,128.26666666666668,8542.166666666666
874,4381.0,128.13333333333333,8565.533333333333
875,4386.0,127.76666666666667,8802.066666666668
876,4391.0,127.56666666666666,8652.2
877,4396.0,127.26666666666667,8813.6
878,4401.0,127.06666666666666,8847.633333333333
879,4406.0,126.73333333333333,8998.266666666666
880,4411.0,126.5,8759.166666666666
881,4416.0,126.3,8658.666666666666
882,4421.0,126.03333333333333,8680.333333333334
883,4426.0,125.83333333333333,8691.966666666667
884,4431.0,125.7,8667.233333333334
885,4436.0,125.5,8666.833333333334
886,4441.0,125.13333333333334,8673.733333333334
887,4446.0,124.96666666666667,8698.333333333334
888,4451.0,124.76666666666667,8701.433333333332
889,4456.0,124.6,8726.766666666666
890,4461.0,124.26666666666667,8751.4
891,4466.0,124.06666666666666,8754.9
892,4471.0,123.9,8735.066666666668
893,4476.0,123.7,8927.333333333334
894,4481.0,123.5,8775.1
895,4486.0,123.3,8760.466666666667
896,4491.0,123.03333333333333,8964.1
897,4496.0,122.76666666666667,8867.266666666666
898,4501.0,122.66666666666667,8827.5
899,4506.0,122.43333333333334,8848.966666666667
900,4511.0,122.2,8860.733333333334
901,4516.0,121.9,8852.666666666666
902,4521.0,121.83333333333333,8864.966666666667
903,4526.0,121.6,8877.566666666668
904,4531.0,121.43333333333334,8899.9
905,4536.0,121.2,8887.533333333333
906,4541.0,121.0,8911.1
907,4546.0,120.9,8897.766666666666
908,4551.0,120.66666666666667,8955.366666666667
909,4556.0,120.46666666666667,8929.133333333333
910,4561.0,120.2,8940.033333333333
911,4566.0,120.06666666666666,8951.033333333333
912,4571.0,119.96666666666667,9061.3
913,4576.0,119.7,9082.366666666667
914,4581.0,119.46666666666667,9034.366666666667
915,4586.0,119.33333333333333,9032.4
916,4591.0,119.16666666666667,9006.5
917,4596.0,118.96666666666667,9052.5
918,4601.0,118.86666666666666,9040.233333333334
919,4606.0,118.66666666666667,9097.366666666667
920,4611.0,118.36666666666666,9081.3
921,4616.0,118.2,9094.233333333334
922,4621.0,118.03333333333333,9164.166666666666
923,4626.0,117.9,9102.333333333334
924,4631.0,117.76666666666667,9204.566666666668
925,4636.0,117.43333333333334,9154.8
926,4641.0,117.26666666666667,9190.733333333334
927,4646.0,117.13333333333334,9251.766666666666
928,4651.0,116.9,9287.466666666667
929,4656.0,116.73333333333333,9329.133333333333
930,4661.0,116.53333333333333,9256.533333333333
931,4666.0,116.26666666666667,9259.3
932,4671.0,116.2,9261.3
933,4676.0,115.96666666666667,9288.066666666668
934,4681.0,115.83333333333333,9306.4
935,4686.0,115.6,9334.366666666667
936,4691.0,115.43333333333334,9401.933333333332
937,4696.0,115.2,9335.866666666667
938,4701.0,115.06666666666666,9407.5
939,4706.0,114.86666666666666,9345.566666666668
940,4711.0,114.7,9355.433333333332
941,4716.0,114.6,9374.666666666666
942,4721.0,114.3,9411.533333333333
943,4726.0,114.13333333333334,9391.266666666666
944,4731.0,113.9,9424.9
945,4736.0,113.76666666666667,9492.333333333334
946,4741.0,113.63333333333334,9468.966666666667
947,4746.0,113.46666666666667,9550.333333333334
948,4751.0,113.3,9482.566666666668
949,4756.0,113.06666666666666,9506.366666666667
950,4761.0,112.86666666666666,9538.233333333334
951,4766.0,112.76666666666667,9574.433333333332
952,4771.0,112.6,9540.7
953,4776.0,112.46666666666667,9561.466666666667
954,4781.0,112.2,9591.333333333334
955,4786.0,111.96666666666667,9606.566666666668
956,4791.0,111.9,9651.033333333333
957,4796.0,111.83333333333333,9710.166666666666
958,4801.0,111.63333333333334,9723.233333333334
959,4806.0,111.33333333333333,9663.3
960,4811.0,111.03333333333333,9806.7
961,4816.0,110.9,9741.866666666667
962,4821.0,110.86666666666666,9806.066666666668
963,4826.0,110.73333333333333,9722.5
964,4831.0,110.6,9697.566666666668
965,4836.0,110.2,9833.733333333334
966,4841.0,109.96666666666667,10043.9
967,4846.0,109.86666666666666,9867.466666666667
968,4851.0,109.76666666666667,9858.633333333333
969,4856.0,109.7,9797.7
970,4861.0,109.43333333333334,9826.6
971,4866.0,109.23333333333333,9816.533333333333
972,4871.0,109.03333333333333,9803.766666666666
973,4876.0,108.9,9849.566666666668
974,4881.0,108.76666666666667,9850.233333333334
975,4886.0,108.66666666666667,9854.633333333333
976,4891.0,108.4,10039.666666666666
977,4896.0,108.26666666666667,9854.533333333333
978,4901.0,108.06666666666666,9882.833333333334
979,4906.0,107.93333333333334,9885.833333333334
980,4911.0,107.76666666666667,9887.4
981,4916.0,107.63333333333334,9914.633333333333
982,4921.0,107.53333333333333,9916.0
983,4926.0,107.33333333333333,9954.233333333334
984,4931.0,107.13333333333334,9971.533333333333
985,4936.0,107.06666666666666,9963.3
986,4941.0,106.86666666666666,9988.633333333333
987,4946.0,106.86666666666666,10070.3
988,4951.0,106.73333333333333,10002.866666666667
989,4956.0,106.56666666666666,10031.766666666666
990,4961.0,106.23333333333333,10069.233333333334
991,4966.0,106.06666666666666,10118.366666666667
992,4971.0,105.93333333333334,10093.333333333334
993,4976.0,105.83333333333333,10097.133333333333
994,4981.0,105.76666666666667,10121.966666666667
995,4986.0,105.56666666666666,10127.566666666668
996,4991.0,105.26666666666667,10118.6
997,4996.0,105.06666666666666,10146.2
998,5001.0,104.96666666666667,10191.966666666667
999,5006.0,104.86666666666666,10170.233333333334
1000,5011.0,104.86666666666666,10183.566666666668
1001,5016.0,104.63333333333334,10271.9
1002,5021.0,104.36666666666666,10250.8
1003,5026.0,104.13333333333334,10530.666666666666
1004,5031.0,103.96666666666667,10310.766666666666
1005,5036.0,103.86666666666666,10268.933333333332
1006,5041.0,103.83333333333333,10294.6
1007,5046.0,103.66666666666667,10512.233333333334
1008,5051.0,103.4,10363.366666666667
1009,5056.0,103.16666666666667,10335.166666666666
1010,5061.0,102.93333333333334,10356.133333333333
1011,5066.0,102.9,10345.466666666667
1012,5071.0,102.86666666666666,10472.733333333334
1013,5076.0,102.66666666666667,10446.933333333332
1014,5081.0,102.33333333333333,10724.833333333334
1015,5086.0,102.2,10552.566666666668
1016,5091.0,102.0,10487.6
1017,5096.0,101.86666666666666,10465.5
1018,5101.0,101.66666666666667,10619.1
1019,5106.0,101.63333333333334,10593.7
1020,5111.0,101.3,10643.7
1021,5116.0,101.2,10516.1
1022,5121.0,101.0,10636.633333333333
1023,5126.0,100.86666666666666,10665.433333333332
1024,5131.0,100.7,10554.5
1025,5136.0,100.6,10696.333333333334
1026,5141.0,100.4,10847.1
1027,5146.0,100.23333333333333,10676.3
1028,5151.0,100.06666666666666,10644.8
1029,5156.0,99.93333333333334,10596.5
1030,5161.0,99.7,10740.233333333334
1031,5166.0,99.6,10715.033333333333
1032,5171.0,99.43333333333334,10723.266666666666
1033,5176.0,99.26666666666667,10806.966666666667
1034,5181.0,99.13333333333334,10677.8
1035,5186.0,98.96666666666667,10683.033333333333
1036,5191.0,98.86666666666666,10712.766666666666
1037,5196.0,98.7,10846.2
1038,5201.0,98.56666666666666,10832.766666666666
1039,5206.0,98.33333333333333,10768.333333333334
1040,5211.0,98.2,10725.966666666667
1041,5216.0,98.1,10762.5
1042,5221.0,97.93333333333334,10907.3
1043,5226.0,97.86666666666666,10804.7
1044,5231.0,97.7,10815.3
1045,5236.0,97.56666666666666,10813.933333333332
1046,5241.0,97.4,11061.366666666667
1047,5246.0,97.1,10864.833333333334
1048,5251.0,96.96666666666667,10893.433333333332
1049,5256.0,96.86666666666666,11003.066666666668
1050,5261.0,96.8,10898.8
1051,5266.0,96.66666666666667,10920.633333333333
1052,5271.0,96.56666666666666,11014.133333333333
1053,5276.0,96.4,10969.7
1054,5281.0,96.16666666666667,10953.466666666667
1055,5286.0,96.0,11007.866666666667
1056,5291.0,95.86666666666666,11042.633333333333
1057,5296.0,95.86666666666666,11054.966666666667
1058,5301.0,95.76666666666667,11174.566666666668
1059,5306.0,95.56666666666666,11103.833333333334
1060,5311.0,95.36666666666666,11054.066666666668
1061,5316.0,95.26666666666667,11061.933333333332
1062,5321.0,95.1,11084.333333333334
1063,5326.0,95.0,11103.133333333333
1064,5331.0,94.93333333333334,11086.4
1065,5336.0,94.83333333333333,11139.133333333333
1066,5341.0,94.66666666666667,11133.4
1067,5346.0,94.56666666666666,11137.133333333333
1068,5351.0,94.4,11164.833333333334
1069,5356.0,94.13333333333334,11190.066666666668
1070,5361.0,94.1,11223.933333333332
1071,5366.0,94.0,11210.733333333334
1072,5371.0,93.86666666666666,11218.266666666666
1073,5376.0,93.76666666666667,11237.233333333334
1074,5381.0,93.66666666666667,11247.266666666666
1075,5386.0,93.3,11341.3
1076,5391.0,93.3,11299.733333333334
1077,5396.0,93.1,11288.233333333334
1078,5401.0,93.0,11289.933333333332
1079,5406.0,92.9,11326.333333333334
1080,5411.0,92.86666666666666,11346.166666666666
1081,5416.0,92.7,11378.466666666667
1082,5421.0,92.43333333333334,11385.7
1083,5426.0,92.3,11387.233333333334
1084,5431.0,92.2,11386.333333333334
1085,5436.0,92.06666666666666,11474.5
1086,5441.0,91.93333333333334,11434.366666666667
1087,5446.0,91.9,11479.933333333332
1088,5451.0,91.86666666666666,11485.133333333333
1089,5456.0,91.53333333333333,11455.6
1090,5461.0,91.4,11496.333333333334
1091,5466.0,91.3,11583.7
1092,5471.0,91.1,11551.366666666667
1093,5476.0,91.0,11522.433333333332
1094,5481.0,90.93333333333334,11544.666666666666
1095,5486.0,90.93333333333334,11633.9
1096,5491.0,90.83333333333333,11607.533333333333
1097,5496.0,90.63333333333334,11617.933333333332
1098,5501.0,90.4,11855.633333333333
1099,5506.0,90.2,11648.633333333333
1100,5511.0,90.1,11750.166666666666
1101,5516.0,90.0,11773.366666666667
1102,5521.0,89.9,11709.433333333332
1103,5526.0,89.86666666666666,11751.566666666668
1104,5531.0,89.8,11757.766666666666
1105,5536.0,89.66666666666667,11800.733333333334
1106,5541.0,89.4,11786.133333333333
1107,5546.0,89.13333333333334,11773.8
1108,5551.0,89.1,11809.033333333333
1109,5556.0,89.06666666666666,11809.466666666667
1110,5561.0,89.0,11889.333333333334
1111,5566.0,88.93333333333334,11828.2
1112,5571.0,88.8,11857.2
1113,5576.0,88.76666666666667,11852.7
1114,5581.0,88.56666666666666,11933.866666666667
1115,5586.0,88.2,11944.833333333334
1116,5591.0,88.16666666666667,12034.9
1117,5596.0,88.13333333333334,12035.433333333332
1118,5601.0,88.13333333333334,11975.933333333332
1119,5606.0,87.93333333333334,12070.033333333333
1120,5611.0,87.8,11995.2
1121,5616.0,87.66666666666667,12036.1
1122,5621.0,87.56666666666666,12026.366666666667
1123,5626.0,87.4,12019.6
1124,5631.0,87.26666666666667,12018.233333333334
1125,5636.0,87.13333333333334,12028.433333333332
1126,5641.0,87.03333333333333,12082.6
1127,5646.0,86.96666666666667,12074.833333333334
1128,5651.0,86.86666666666666,12088.2
1129,5656.0,86.7,12265.133333333333
1130,5661.0,86.56666666666666,12286.766666666666
1131,5666.0,86.5,12183.133333333333
1132,5671.0,86.23333333333333,12238.766666666666
1133,5676.0,86.1,12272.666666666666
1134,5681.0,85.96666666666667,12245.633333333333
1135,5686.0,85.9,12201.7
1136,5691.0,85.86666666666666,12342.733333333334
1137,5696.0,85.7,12353.833333333334
1138,5701.0,85.6,12381.033333333333
1139,5706.0,85.4,12438.2
1140,5711.0,85.33333333333333,12437.133333333333
1141,5716.0,85.2,12455.733333333334
1142,5721.0,85.0,12412.366666666667
1143,5726.0,84.86666666666666,12423.366666666667
1144,5731.0,84.8,12526.366666666667
1145,5736.0,84.63333333333334,12518.833333333334
1146,5741.0,84.53333333333333,12515.533333333333
1147,5746.0,84.4,12650.833333333334
1148,5751.0,84.26666666666667,12533.3
1149,5756.0,84.1,12762.4
1150,5761.0,83.96666666666667,12581.166666666666
1151,5766.0,83.86666666666666,12474.0
1152,5771.0,83.7,12467.233333333334
1153,5776.0,83.6,12602.833333333334
1154,5781.0,83.5,12589.933333333332
1155,5786.0,83.4,12663.4
1156,5791.0,83.26666666666667,12579.033333333333
1157,5796.0,83.1,12568.933333333332
1158,5801.0,82.96666666666667,12573.133333333333
1159,5806.0,82.9,12648.333333333334
1160,5811.0,82.7,12636.433333333332
1161,5816.0,82.63333333333334,12646.666666666666
1162,5821.0,82.6,12699.433333333332
1163,5826.0,82.4,12631.366666666667
1164,5831.0,82.33333333333333,12661.966666666667
1165,5836.0,82.16666666666667,12673.266666666666
1166,5841.0,82.03333333333333,12801.466666666667
1167,5846.0,81.93333333333334,12701.333333333334
1168,5851.0,81.83333333333333,12750.033333333333
1169,5856.0,81.83333333333333,12739.8
1170,5861.0,81.66666666666667,12761.3
1171,5866.0,81.53333333333333,12755.4
1172,5871.0,81.33333333333333,12822.7
1173,5876.0,81.3,12876.166666666666
1174,5881.0,81.16666666666667,12799.833333333334
1175,5886.0,81.0,12902.666666666666
1176,5891.0,80.9,12864.5
1177,5896.0,80.86666666666666,12865.6
1178,5901.0,80.8,12859.366666666667
1179,5906.0,80.66666666666667,12883.933333333332
1180,5911.0,80.56666666666666,12889.266666666666
1181,5916.0,80.36666666666666,12897.666666666666
1182,5921.0,80.26666666666667,12934.666666666666
1183,5926.0,80.16666666666667,12950.3
1184,5931.0,80.06666666666666,12988.433333333332
1185,5936.0,80.0,12994.533333333333
1186,5941.0,79.93333333333334,13061.2
1187,5946.0,79.83333333333333,13026.5
1188,5951.0,79.73333333333333,13085.733333333334
1189,5956.0,79.63333333333334,13056.3
1190,5961.0,79.5,13084.233333333334
1191,5966.0,79.3,13238.766666666666
1192,5971.0,79.2,13092.866666666667
1193,5976.0,79.13333333333334,13433.333333333334
1194,5981.0,79.03333333333333,13198.466666666667
1195,5986.0,78.96666666666667,13135.433333333332
1196,5991.0,78.9,13220.766666666666
1197,5996.0,78.73333333333333,13249.4
1198,6001.0,78.6,13189.633333333333
1199,6006.0,78.46666666666667,13367.5
1200,6011.0,78.36666666666666,13322.2
1201,6016.0,78.26666666666667,13273.233333333334
1202,6021.0,78.2,13292.9
1203,6026.0,78.16666666666667,13288.0
1204,6031.0,78.03333333333333,13293.066666666668
1205,6036.0,77.9,13339.466666666667
1206,6041.0,77.83333333333333,13318.466666666667
1207,6046.0,77.7,13340.0
1208,6051.0,77.63333333333334,13394.4
1209,6056.0,77.46666666666667,13358.4
1210,6061.0,77.33333333333333,13352.466666666667
1211,6066.0,77.3,13405.333333333334
1212,6071.0,77.23333333333333,13436.366666666667
1213,6076.0,77.13333333333334,13435.633333333333
1214,6081.0,77.0,13453.366666666667
1215,6086.0,76.93333333333334,13486.533333333333
1216,6091.0,76.86666666666666,13484.566666666668
1217,6096.0,76.83333333333333,13499.0
1218,6101.0,76.66666666666667,13483.5
1219,6106.0,76.6,13517.833333333334
1220,6111.0,76.53333333333333,13629.6
1221,6116.0,76.4,13550.9
1222,6121.0,76.36666666666666,13581.466666666667
1223,6126.0,76.3,13710.7
1224,6131.0,76.1,13686.533333333333
1225,6136.0,76.06666666666666,13711.933333333332
1226,6141.0,76.0,13651.233333333334
1227,6146.0,75.96666666666667,13698.466666666667
1228,6151.0,75.8,13769.466666666667
1229,6156.0,75.6,13828.966666666667
1230,6161.0,75.5,13868.0
1231,6166.0,75.5,13788.7
1232,6171.0,75.36666666666666,13784.066666666668
1233,6176.0,75.33333333333333,13779.466666666667
1234,6181.0,75.3,13821.166666666666
1235,6186.0,75.23333333333333,13880.966666666667
1236,6191.0,75.06666666666666,13830.966666666667
1237,6196.0,74.96666666666667,13968.833333333334
1238,6201.0,74.83333333333333,14025.033333333333
1239,6206.0,74.66666666666667,13961.166666666666
1240,6211.0,74.53333333333333,13996.366666666667
1241,6216.0,74.43333333333334,14012.9
1242,6221.0,74.36666666666666,14102.833333333334
1243,6226.0,74.3,14011.8
1244,6231.0,74.2,14371.533333333333
1245,6236.0,74.13333333333334,14066.9
1246,6241.0,74.03333333333333,14128.866666666667
1247,6246.0,73.93333333333334,14092.033333333333
1248,6251.0,73.8,14109.733333333334
1249,6256.0,73.7,14167.5
1250,6261.0,73.6,14164.8
1251,6266.0,73.4,14121.566666666668
1252,6271.0,73.33333333333333,14132.6
1253,6276.0,73.26666666666667,14144.333333333334
1254,6281.0,73.16666666666667,14195.266666666666
1255,6286.0,73.06666666666666,14352.866666666667
1256,6291.0,73.0,14239.533333333333
1257,6296.0,72.83333333333333,14217.666666666666
1258,6301.0,72.73333333333333,14227.133333333333
1259,6306.0,72.7,14222.066666666668
1260,6311.0,72.6,14232.433333333332
1261,6316.0,72.5,14247.466666666667
1262,6321.0,72.4,14288.033333333333
1263,6326.0,72.3,14341.633333333333
1264,6331.0,72.26666666666667,14383.866666666667
1265,6336.0,72.16666666666667,14338.466666666667
1266,6341.0,72.06666666666666,14313.666666666666
1267,6346.0,71.93333333333334,14386.333333333334
1268,6351.0,71.83333333333333,14435.766666666666
1269,6356.0,71.7,14539.266666666666
1270,6361.0,71.66666666666667,14546.4
1271,6366.0,71.56666666666666,14700.333333333334
1272,6371.0,71.5,14614.066666666668
1273,6376.0,71.46666666666667,14504.7
1274,6381.0,71.36666666666666,14527.533333333333
1275,6386.0,71.26666666666667,14568.233333333334
1276,6391.0,71.1,14611.033333333333
1277,6396.0,70.96666666666667,14614.166666666666
1278,6401.0,70.86666666666666,14586.6
1279,6406.0,70.8,14611.533333333333
1280,6411.0,70.73333333333333,14651.9
1281,6416.0,70.6,14799.666666666666
1282,6421.0,70.5,14985.966666666667
1283,6426.0,70.43333333333334,14899.533333333333
1284,6431.0,70.33333333333333,14959.166666666666
1285,6436.0,70.16666666666667,14970.633333333333
1286,6441.0,70.06666666666666,14783.533333333333
1287,6446.0,69.96666666666667,14775.566666666668
1288,6451.0,69.8,15025.866666666667
1289,6456.0,69.76666666666667,14704.4
1290,6461.0,69.7,14807.866666666667
1291,6466.0,69.66666666666667,14812.1
1292,6471.0,69.53333333333333,14992.933333333332
1293,6476.0,69.36666666666666,14912.7
1294,6481.0,69.2,14934.266666666666
1295,6486.0,69.1,15279.133333333333
1296,6491.0,69.06666666666666,14920.833333333334
1297,6496.0,69.03333333333333,14926.933333333332
1298,6501.0,68.93333333333334,15014.0
1299,6506.0,68.86666666666666,14933.033333333333
1300,6511.0,68.8,14977.933333333332
1301,6516.0,68.76666666666667,15060.766666666666
1302,6521.0,68.63333333333334,14974.733333333334
1303,6526.0,68.56666666666666,15006.766666666666
1304,6531.0,68.46666666666667,15029.866666666667
1305,6536.0,68.3,15069.3
1306,6541.0,68.13333333333334,15055.866666666667
1307,6546.0,68.13333333333334,15147.033333333333
1308,6551.0,68.13333333333334,15298.666666666666
1309,6556.0,67.96666666666667,15099.766666666666
1310,6561.0,67.9,15218.9
1311,6566.0,67.9,15172.9
1312,6571.0,67.83333333333333,15208.7
1313,6576.0,67.73333333333333,15211.233333333334
1314,6581.0,67.63333333333334,15297.766666666666
1315,6586.0,67.6,15267.966666666667
1316,6591.0,67.36666666666666,15244.433333333332
1317,6596.0,67.33333333333333,15270.933333333332
1318,6601.0,67.2,15307.633333333333
1319,6606.0,67.2,15339.533333333333
1320,6611.0,67.13333333333334,15336.066666666668
1321,6616.0,67.03333333333333,15380.1
1322,6621.0,66.96666666666667,15360.3
1323,6626.0,66.9,15379.2
1324,6631.0,66.8,15451.266666666666
1325,6636.0,66.76666666666667,15405.933333333332
1326,6641.0,66.7,15526.133333333333
1327,6646.0,66.53333333333333,15608.966666666667
1328,6651.0,66.36666666666666,15501.766666666666
1329,6656.0,66.3,15525.866666666667
1330,6661.0,66.26666666666667,15503.6
1331,6666.0,66.2,15519.1
1332,6671.0,66.16666666666667,15736.2
1333,6676.0,66.1,15576.5
1334,6681.0,65.9,15590.133333333333
1335,6686.0,65.76666666666667,15591.733333333334
1336,6691.0,65.76666666666667,15667.366666666667
1337,6696.0,65.73333333333333,15731.0
1338,6701.0,65.66666666666667,15602.8
1339,6706.0,65.46666666666667,16042.933333333332
1340,6711.0,65.43333333333334,15705.833333333334
1341,6716.0,65.4,15667.3
1342,6721.0,65.4,15702.366666666667
1343,6726.0,65.33333333333333,15952.833333333334
1344,6731.0,65.16666666666667,15934.166666666666
1345,6736.0,65.03333333333333,15839.8
1346,6741.0,64.9,15778.3
1347,6746.0,64.86666666666666,15748.133333333333
1348,6751.0,64.8,15764.0
1349,6756.0,64.76666666666667,15802.266666666666
1350,6761.0,64.66666666666667,15889.433333333332
1351,6766.0,64.63333333333334,16051.9
1352,6771.0,64.56666666666666,15950.4
1353,6776.0,64.53333333333333,15935.2
1354,6781.0,64.4,15940.9
1355,6786.0,64.36666666666666,16064.233333333334
1356,6791.0,64.26666666666667,15994.966666666667
1357,6796.0,64.16666666666667,16073.8
1358,6801.0,64.13333333333334,16022.366666666667
1359,6806.0,64.03333333333333,16042.5
1360,6811.0,63.96666666666667,16047.333333333334
1361,6816.0,63.86666666666667,16056.533333333333
1362,6821.0,63.766666666666666,16177.0
1363,6826.0,63.733333333333334,16337.833333333334
1364,6831.0,63.63333333333333,16343.833333333334
1365,6836.0,63.6,16086.6
1366,6841.0,63.5,16201.766666666666
1367,6846.0,63.46666666666667,16193.833333333334
1368,6851.0,63.43333333333333,16285.233333333334
1369,6856.0,63.266666666666666,16314.566666666668
1370,6861.0,63.166666666666664,16246.766666666666
1371,6866.0,63.1,16302.2
1372,6871.0,62.96666666666667,16259.533333333333
1373,6876.0,62.9,16229.4
1374,6881.0,62.86666666666667,16328.866666666667
1375,6886.0,62.8,16361.266666666666
1376,6891.0,62.733333333333334,16417.2
1377,6896.0,62.63333333333333,16357.4
1378,6901.0,62.56666666666667,16390.466666666667
1379,6906.0,62.53333333333333,16373.066666666668
1380,6911.0,62.5,16438.533333333333
1381,6916.0,62.4,16506.333333333332
1382,6921.0,62.3,16485.033333333333
1383,6926.0,62.233333333333334,16566.8
1384,6931.0,62.166666666666664,16540.6
1385,6936.0,62.06666666666667,16513.133333333335
1386,6941.0,61.93333333333333,16549.833333333332
1387,6946.0,61.86666666666667,16662.033333333333
1388,6951.0,61.8,16716.5
1389,6956.0,61.766666666666666,16667.433333333334
1390,6961.0,61.666666666666664,16623.466666666667
1391,6966.0,61.666666666666664,16658.3
1392,6971.0,61.53333333333333,16713.433333333334
1393,6976.0,61.43333333333333,16735.366666666665
1394,6981.0,61.333333333333336,17099.3
1395,6986.0,61.3,16690.166666666668
1396,6991.0,61.166666666666664,16726.266666666666
1397,6996.0,61.166666666666664,16734.6
1398,7001.0,61.03333333333333,16811.9
1399,7006.0,60.96666666666667,16775.066666666666
1400,7011.0,60.9,16751.566666666666
1401,7016.0,60.86666666666667,16784.733333333334
1402,7021.0,60.833333333333336,16799.733333333334
1403,7026.0,60.8,16810.666666666668
1404,7031.0,60.8,16868.0
1405,7036.0,60.666666666666664,16982.366666666665
1406,7041.0,60.56666666666667,16927.433333333334
1407,7046.0,60.46666666666667,17068.033333333333
1408,7051.0,60.4,17005.0
1409,7056.0,60.3,17035.5
1410,7061.0,60.2,17180.533333333333
1411,7066.0,60.06666666666667,17092.066666666666
1412,7071.0,60.03333333333333,17078.133333333335
1413,7076.0,59.9,17102.666666666668
1414,7081.0,59.86666666666667,17059.3
1415,7086.0,59.86666666666667,17071.333333333332
1416,7091.0,59.86666666666667,17171.6
1417,7096.0,59.733333333333334,17122.366666666665
1418,7101.0,59.666666666666664,17150.966666666667
1419,7106.0,59.63333333333333,17144.433333333334
1420,7111.0,59.56666666666667,17305.533333333333
1421,7116.0,59.5,17244.366666666665
1422,7121.0,59.36666666666667,17265.6
1423,7126.0,59.3,17287.4
1424,7131.0,59.233333333333334,17260.066666666666
1425,7136.0,59.166666666666664,17293.833333333332
1426,7141.0,59.1,17299.1
1427,7146.0,59.03333333333333,17325.133333333335
1428,7151.0,59.0,17429.666666666668
1429,7156.0,58.93333333333333,17361.033333333333
1430,7161.0,58.833333333333336,17399.333333333332
1431,7166.0,58.833333333333336,17562.5
1432,7171.0,58.666666666666664,17434.7
1433,7176.0,58.63333333333333,17429.466666666667
1434,7181.0,58.6,17604.566666666666
1435,7186.0,58.4,17537.8
1436,7191.0,58.36666666666667,17490.033333333333
1437,7196.0,58.3,17706.033333333333
1438,7201.0,58.3,17630.133333333335
1439,7206.0,58.233333333333334,17644.0
1440,7211.0,58.13333333333333,17557.266666666666
1441,7216.0,58.06666666666667,17697.433333333334
1442,7221.0,58.0,17597.0
1443,7226.0,57.9,17639.8
1444,7231.0,57.86666666666667,17716.266666666666
1445,7236.0,57.8,17668.733333333334
1446,7241.0,57.733333333333334,17783.033333333333
1447,7246.0,57.6,18023.4
1448,7251.0,57.53333333333333,17701.1
1449,7256.0,57.43333333333333,17732.866666666665
1450,7261.0,57.36666666666667,17749.366666666665
1451,7266.0,57.36666666666667,17783.9
1452,7271.0,57.3,17862.3
1453,7276.0,57.3,18104.6
1454,7281.0,57.166666666666664,17906.633333333335
1455,7286.0,57.1,17981.333333333332
1456,7291.0,57.1,17892.566666666666
1457,7296.0,56.96666666666667,18084.966666666667
1458,7301.0,56.833333333333336,18144.8
1459,7306.0,56.766666666666666,17979.066666666666
1460,7311.0,56.666666666666664,18137.033333333333
1461,7316.0,56.63333333333333,17973.133333333335
1462,7321.0,56.56666666666667,18005.466666666667
1463,7326.0,56.5,18067.333333333332
1464,7331.0,56.46666666666667,18031.566666666666
1465,7336.0,56.4,18082.0
1466,7341.0,56.36666666666667,18098.933333333334
1467,7346.0,56.266666666666666,18233.433333333334
1468,7351.0,56.266666666666666,18105.4
1469,7356.0,56.2,18418.0
1470,7361.0,56.06666666666667,18298.333333333332
1471,7366.0,56.03333333333333,18480.2
1472,7371.0,55.96666666666667,18240.766666666666
1473,7376.0,55.833333333333336,18496.766666666666
1474,7381.0,55.7,18226.033333333333
1475,7386.0,55.63333333333333,18347.3
1476,7391.0,55.6,18336.733333333334
1477,7396.0,55.56666666666667,18327.933333333334
1478,7401.0,55.53333333333333,18324.966666666667
1479,7406.0,55.5,18335.533333333333
1480,7411.0,55.5,18471.866666666665
1481,7416.0,55.4,18704.233333333334
1482,7421.0,55.3,18533.366666666665
1483,7426.0,55.266666666666666,18460.433333333334
1484,7431.0,55.166666666666664,18678.933333333334
1485,7436.0,55.03333333333333,18452.2
1486,7441.0,55.0,18487.133333333335
1487,7446.0,54.9,18527.5
1488,7451.0,54.8,18609.233333333334
1489,7456.0,54.766666666666666,18515.3
1490,7461.0,54.766666666666666,18617.066666666666
1491,7466.0,54.666666666666664,18637.433333333334
1492,7471.0,54.63333333333333,18689.833333333332
1493,7476.0,54.53333333333333,18614.766666666666
1494,7481.0,54.5,18876.066666666666
1495,7486.0,54.46666666666667,18661.333333333332
1496,7491.0,54.4,18686.7
1497,7496.0,54.333333333333336,18991.566666666666
1498,7501.0,54.3,18799.933333333334
1499,7506.0,54.233333333333334,18796.166666666668
1500,7511.0,54.2,18778.533333333333
1501,7516.0,54.1,18776.266666666666
1502,7521.0,54.03333333333333,18800.733333333334
1503,7526.0,53.9,18859.433333333334
1504,7531.0,53.9,18845.233333333334
1505,7536.0,53.8,18875.4
1506,7541.0,53.766666666666666,18879.133333333335
1507,7546.0,53.7,18947.8
1508,7551.0,53.6,18906.566666666666
1509,7556.0,53.53333333333333,18937.266666666666
1510,7561.0,53.53333333333333,18918.166666666668
1511,7566.0,53.53333333333333,18992.166666666668
1512,7571.0,53.5,19013.466666666667
1513,7576.0,53.43333333333333,19064.0
1514,7581.0,53.43333333333333,19080.133333333335
1515,7586.0,53.4,19083.133333333335
1516,7591.0,53.3,19085.933333333334
1517,7596.0,53.2,19152.466666666667
1518,7601.0,53.166666666666664,19226.066666666666
1519,7606.0,53.1,19378.533333333333
1520,7611.0,52.96666666666667,19269.266666666666
1521,7616.0,52.9,19237.933333333334
1522,7621.0,52.8,19228.9
1523,7626.0,52.7,19196.7
1524,7631.0,52.63333333333333,19285.9
1525,7636.0,52.63333333333333,19336.933333333334
1526,7641.0,52.6,19395.433333333334
1527,7646.0,52.53333333333333,19341.866666666665
1528,7651.0,52.53333333333333,19347.766666666666
1529,7656.0,52.5,19335.566666666666
1530,7661.0,52.43333333333333,19507.733333333334
1531,7666.0,52.36666666666667,19418.066666666666
1532,7671.0,52.3,19502.1
1533,7676.0,52.266666666666666,19520.333333333332
1534,7681.0,52.233333333333334,19511.666666666668
1535,7686.0,52.166666666666664,19525.966666666667
1536,7691.0,52.13333333333333,19565.566666666666
1537,7696.0,52.06666666666667,19690.266666666666
1538,7701.0,52.0,19567.133333333335
1539,7706.0,51.86666666666667,19621.266666666666
1540,7711.0,51.766666666666666,19647.6
1541,7716.0,51.733333333333334,19666.866666666665
1542,7721.0,51.7,19719.633333333335
1543,7726.0,51.63333333333333,19716.433333333334
1544,7731.0,51.6,19741.5
1545,7736.0,51.53333333333333,19706.6
1546,7741.0,51.5,19694.8
1547,7746.0,51.5,19782.633333333335
1548,7751.0,51.4,20094.7
1549,7756.0,51.4,19727.0
1550,7761.0,51.333333333333336,19760.966666666667
1551,7766.0,51.233333333333334,19792.633333333335
1552,7771.0,51.2,19799.766666666666
1553,7776.0,51.2,20228.933333333334
1554,7781.0,51.1,19884.533333333333
1555,7786.0,50.96666666666667,20017.833333333332
1556,7791.0,50.9,20119.666666666668
1557,7796.0,50.766666666666666,19922.6
1558,7801.0,50.7,20212.933333333334
1559,7806.0,50.7,19917.233333333334
1560,7811.0,50.7,19942.866666666665
1561,7816.0,50.666666666666664,20344.866666666665
1562,7821.0,50.6,20323.533333333333
1563,7826.0,50.56666666666667,19995.233333333334
1564,7831.0,50.5,20259.933333333334
1565,7836.0,50.43333333333333,20206.333333333332
1566,7841.0,50.333333333333336,20104.666666666668
1567,7846.0,50.266666666666666,20291.166666666668
1568,7851.0,50.2,20181.966666666667
1569,7856.0,50.2,20278.4
1570,7861.0,50.06666666666667,20282.666666666668
1571,7866.0,50.03333333333333,20182.833333333332
1572,7871.0,50.0,20199.933333333334
1573,7876.0,49.9,20493.966666666667
1574,7881.0,49.86666666666667,20352.366666666665
1575,7886.0,49.766666666666666,20327.166666666668
1576,7891.0,49.666666666666664,20677.333333333332
1577,7896.0,49.666666666666664,20525.5
1578,7901.0,49.666666666666664,20477.933333333334
1579,7906.0,49.63333333333333,20482.666666666668
1580,7911.0,49.53333333333333,20425.233333333334
1581,7916.0,49.46666666666667,20822.466666666667
1582,7921.0,49.4,20502.733333333334
1583,7926.0,49.333333333333336,20520.733333333334
1584,7931.0,49.266666666666666,20492.8
1585,7936.0,49.266666666666666,20481.2
1586,7941.0,49.233333333333334,20628.733333333334
1587,7946.0,49.2,20674.566666666666
1588,7951.0,49.2,20608.0
1589,7956.0,49.03333333333333,20940.366666666665
1590,7961.0,49.0,20652.133333333335
1591,7966.0,48.93333333333333,20711.7
1592,7971.0,48.86666666666667,20696.333333333332
1593,7976.0,48.766666666666666,20709.466666666667
1594,7981.0,48.766666666666666,20709.066666666666
1595,7986.0,48.766666666666666,20686.833333333332
1596,7991.0,48.7,20883.866666666665
1597,7996.0,48.666666666666664,20768.4
1598,8001.0,48.63333333333333,20941.233333333334
1599,8006.0,48.56666666666667,20847.366666666665
1600,8011.0,48.5,20781.866666666665
1601,8016.0,48.46666666666667,20825.7
1602,8021.0,48.43333333333333,20981.033333333333
1603,8026.0,48.333333333333336,20866.4
1604,8031.0,48.333333333333336,20946.4
1605,8036.0,48.233333333333334,21116.166666666668
1606,8041.0,48.166666666666664,21116.333333333332
1607,8046.0,48.1,20948.566666666666
1608,8051.0,48.1,20929.966666666667
1609,8056.0,48.06666666666667,20984.366666666665
1610,8061.0,48.0,21029.833333333332
1611,8066.0,47.9,21086.066666666666
1612,8071.0,47.86666666666667,21255.533333333333
1613,8076.0,47.8,21293.666666666668
1614,8081.0,47.8,21089.5
1615,8086.0,47.766666666666666,21090.566666666666
1616,8091.0,47.733333333333334,21177.7
1617,8096.0,47.63333333333333,21191.966666666667
1618,8101.0,47.63333333333333,21433.5
1619,8106.0,47.56666666666667,21480.433333333334
1620,8111.0,47.5,21431.6
1621,8116.0,47.5,21236.466666666667
1622,8121.0,47.46666666666667,21550.866666666665
1623,8126.0,47.46666666666667,21775.133333333335
1624,8131.0,47.4,21534.766666666666
1625,8136.0,47.233333333333334,21729.366666666665
1626,8141.0,47.13333333333333,21716.7
1627,8146.0,47.06666666666667,21635.933333333334
1628,8151.0,47.06666666666667,21841.366666666665
1629,8156.0,46.93333333333333,21595.166666666668
1630,8161.0,46.86666666666667,21779.766666666666
1631,8166.0,46.86666666666667,21720.266666666666
1632,8171.0,46.766666666666666,21693.466666666667
1633,8176.0,46.733333333333334,21903.433333333334
1634,8181.0,46.63333333333333,22020.766666666666
1635,8186.0,46.53333333333333,21674.1
1636,8191.0,46.53333333333333,21544.466666666667
1637,8196.0,46.53333333333333,21629.266666666666
1638,8201.0,46.5,21728.366666666665
1639,8206.0,46.5,21720.166666666668
1640,8211.0,46.43333333333333,21692.666666666668
1641,8216.0,46.4,21712.7
1642,8221.0,46.4,21690.866666666665
1643,8226.0,46.4,21712.833333333332
1644,8231.0,46.36666666666667,21792.166666666668
1645,8236.0,46.166666666666664,21756.333333333332
1646,8241.0,46.13333333333333,21868.1
1647,8246.0,46.06666666666667,22043.833333333332
1648,8251.0,46.0,21788.933333333334
1649,8256.0,46.03333333333333,22051.766666666666
1650,8261.0,46.03333333333333,21883.533333333333
1651,8266.0,45.96666666666667,21864.433333333334
1652,8271.0,45.9,21878.966666666667
1653,8276.0,45.833333333333336,21843.0
1654,8281.0,45.766666666666666,21936.166666666668
1655,8286.0,45.733333333333334,21996.866666666665
1656,8291.0,45.63333333333333,22100.233333333334
1657,8296.0,45.63333333333333,22093.9
1658,8301.0,45.63333333333333,21999.633333333335
1659,8306.0,45.6,22141.733333333334
1660,8311.0,45.56666666666667,22255.633333333335
1661,8316.0,45.46666666666667,22103.566666666666
1662,8321.0,45.43333333333333,22317.6
1663,8326.0,45.3,22118.0
1664,8331.0,45.233333333333334,22170.066666666666
1665,8336.0,45.2,22374.333333333332
1666,8341.0,45.2,22555.633333333335
1667,8346.0,45.13333333333333,22286.8
1668,8351.0,45.13333333333333,22288.633333333335
1669,8356.0,45.13333333333333,22398.066666666666
1670,8361.0,45.13333333333333,22448.833333333332
1671,8366.0,45.13333333333333,22477.5
1672,8371.0,45.03333333333333,22273.233333333334
1673,8376.0,45.0,22352.5
1674,8381.0,44.93333333333333,22390.7
1675,8386.0,44.9,22353.866666666665
1676,8391.0,44.86666666666667,22429.066666666666
1677,8396.0,44.8,22686.766666666666
1678,8401.0,44.733333333333334,22681.466666666667
1679,8406.0,44.733333333333334,22435.133333333335
1680,8411.0,44.766666666666666,22865.333333333332
1681,8416.0,44.733333333333334,22510.3
1682,8421.0,44.7,22544.9
1683,8426.0,44.7,22573.4
1684,8431.0,44.63333333333333,22614.566666666666
1685,8436.0,44.56666666666667,22564.166666666668
1686,8441.0,44.5,22587.166666666668
1687,8446.0,44.5,22640.733333333334
1688,8451.0,44.43333333333333,22721.0
1689,8456.0,44.36666666666667,22840.566666666666
1690,8461.0,44.3,22868.466666666667
1691,8466.0,44.2,22747.933333333334
1692,8471.0,44.2,22733.533333333333
1693,8476.0,44.2,22865.333333333332
1694,8481.0,44.2,22826.4
1695,8486.0,44.1,23355.8
1696,8491.0,44.0,22932.1
1697,8496.0,44.0,22938.033333333333
1698,8501.0,43.93333333333333,23053.566666666666
1699,8506.0,43.8,22952.933333333334
1700,8511.0,43.766666666666666,23038.166666666668
1701,8516.0,43.766666666666666,23077.8
1702,8521.0,43.766666666666666,22942.5
1703,8526.0,43.7,22931.833333333332
1704,8531.0,43.666666666666664,22972.266666666666
1705,8536.0,43.666666666666664,22981.366666666665
1706,8541.0,43.63333333333333,23046.4
1707,8546.0,43.63333333333333,23083.766666666666
1708,8551.0,43.56666666666667,23124.366666666665
1709,8556.0,43.56666666666667,23419.666666666668
1710,8561.0,43.46666666666667,23189.566666666666
1711,8566.0,43.46666666666667,23245.566666666666
1712,8571.0,43.4,23390.266666666666
1713,8576.0,43.3,23555.433333333334
1714,8581.0,43.333333333333336,23455.066666666666
1715,8586.0,43.333333333333336,23423.166666666668
1716,8591.0,43.233333333333334,23353.9
1717,8596.0,43.166666666666664,23536.266666666666
1718,8601.0,43.1,23479.9
1719,8606.0,43.1,23346.7
1720,8611.0,43.0,23409.666666666668
1721,8616.0,42.93333333333333,23385.9
1722,8621.0,42.86666666666667,23359.966666666667
1723,8626.0,42.766666666666666,23628.333333333332
1724,8631.0,42.733333333333334,23584.633333333335
1725,8636.0,42.666666666666664,23751.133333333335
1726,8641.0,42.63333333333333,23604.633333333335
1727,8646.0,42.63333333333333,23604.966666666667
1728,8651.0,42.63333333333333,23568.433333333334
1729,8656.0,42.63333333333333,23581.666666666668
1730,8661.0,42.6,23618.5
1731,8666.0,42.56666666666667,23608.133333333335
1732,8671.0,42.53333333333333,23674.433333333334
1733,8676.0,42.53333333333333,23761.066666666666
1734,8681.0,42.53333333333333,23662.3
1735,8686.0,42.5,23736.133333333335
1736,8691.0,42.4,23836.533333333333
1737,8696.0,42.333333333333336,23767.533333333333
1738,8701.0,42.3,23915.633333333335
1739,8706.0,42.233333333333334,23812.2
1740,8711.0,42.2,23793.466666666667
1741,8716.0,42.1,23808.666666666668
1742,8721.0,42.06666666666667,23940.9
1743,8726.0,41.9,23930.7
1744,8731.0,41.86666666666667,24104.733333333334
1745,8736.0,41.86666666666667,23951.366666666665
1746,8741.0,41.86666666666667,24053.9
1747,8746.0,41.766666666666666,24078.966666666667
1748,8751.0,41.766666666666666,24248.0
1749,8756.0,41.766666666666666,24005.3
1750,8761.0,41.733333333333334,24091.766666666666
1751,8766.0,41.7,24160.6
1752,8771.0,41.7,24148.7
1753,8776.0,41.666666666666664,24292.533333333333
1754,8781.0,41.7,24136.533333333333
1755,8786.0,41.666666666666664,24224.366666666665
1756,8791.0,41.56666666666667,24120.166666666668
1757,8796.0,41.56666666666667,24281.166666666668
1758,8801.0,41.56666666666667,24258.533333333333
1759,8806.0,41.53333333333333,24318.666666666668
1760,8811.0,41.53333333333333,24428.866666666665
1761,8816.0,41.43333333333333,24373.333333333332
1762,8821.0,41.4,24298.766666666666
1763,8826.0,41.36666666666667,24473.066666666666
1764,8831.0,41.233333333333334,24344.3
1765,8836.0,41.03333333333333,24429.4
1766,8841.0,41.0,24518.133333333335
1767,8846.0,40.9,24559.233333333334
1768,8851.0,40.9,24548.8
1769,8856.0,40.9,24565.5
1770,8861.0,40.9,24532.166666666668
1771,8866.0,40.9,24637.733333333334
1772,8871.0,40.9,24691.3
1773,8876.0,40.86666666666667,24912.4
1774,8881.0,40.833333333333336,24665.5
1775,8886.0,40.766666666666666,24913.233333333334
1776,8891.0,40.733333333333334,24722.833333333332
1777,8896.0,40.733333333333334,24673.9
1778,8901.0,40.733333333333334,24901.666666666668
1779,8906.0,40.666666666666664,24824.533333333333
1780,8911.0,40.7,24769.8
1781,8916.0,40.666666666666664,24892.1
1782,8921.0,40.6,25100.166666666668
1783,8926.0,40.6,24891.0
1784,8931.0,40.53333333333333,25021.666666666668
1785,8936.0,40.3,24916.566666666666
1786,8941.0,40.2,24976.366666666665
1787,8946.0,40.13333333333333,25006.833333333332
1788,8951.0,40.06666666666667,25040.7
1789,8956.0,40.03333333333333,25140.433333333334
1790,8961.0,40.0,25049.766666666666
1791,8966.0,39.96666666666667,25027.666666666668
1792,8971.0,39.93333333333333,25126.9
1793,8976.0,39.9,25173.166666666668
1794,8981.0,39.86666666666667,25233.6
1795,8986.0,39.86666666666667,25231.733333333334
1796,8991.0,39.86666666666667,25220.066666666666
1797,8996.0,39.86666666666667,25234.266666666666
1798,9001.0,39.8,25249.533333333333
1799,9006.0,39.766666666666666,25638.033333333333
1800,9011.0,39.766666666666666,25366.233333333334
1801,9016.0,39.766666666666666,25245.8
1802,9021.0,39.7,25316.233333333334
1803,9026.0,39.7,25370.4
1804,9031.0,39.666666666666664,25400.966666666667
1805,9036.0,39.6,25310.8
1806,9041.0,39.56666666666667,25436.466666666667
1807,9046.0,39.56666666666667,25544.8
1808,9051.0,39.53333333333333,25636.1
1809,9056.0,39.5,25563.7
1810,9061.0,39.4,25897.366666666665
1811,9066.0,39.333333333333336,25672.366666666665
1812,9071.0,39.266666666666666,26124.933333333334
1813,9076.0,39.13333333333333,25759.766666666666
1814,9081.0,39.06666666666667,25627.433333333334
1815,9086.0,38.93333333333333,25625.733333333334
1816,9091.0,38.86666666666667,25690.0
1817,9096.0,38.833333333333336,25619.866666666665
1818,9101.0,38.833333333333336,25769.3
1819,9106.0,38.8,25720.666666666668
1820,9111.0,38.8,25743.866666666665
1821,9116.0,38.8,25781.833333333332
1822,9121.0,38.766666666666666,25868.166666666668
1823,9126.0,38.733333333333334,25981.5
1824,9131.0,38.7,25879.4
1825,9136.0,38.7,25919.6
1826,9141.0,38.7,25850.333333333332
1827,9146.0,38.7,26341.566666666666
1828,9151.0,38.666666666666664,26216.9
1829,9156.0,38.666666666666664,26036.966666666667
1830,9161.0,38.666666666666664,26024.3
1831,9166.0,38.666666666666664,25972.9
1832,9171.0,38.63333333333333,25979.133333333335
1833,9176.0,38.6,26262.866666666665
1834,9181.0,38.6,26139.033333333333
1835,9186.0,38.5,26082.2
1836,9191.0,38.4,26152.833333333332
1837,9196.0,38.3,26165.9
1838,9201.0,38.166666666666664,26287.3
1839,9206.0,38.13333333333333,26180.9
1840,9211.0,38.1,26207.866666666665
1841,9216.0,38.06666666666667,26647.466666666667
1842,9221.0,38.03333333333333,26288.333333333332
1843,9226.0,37.93333333333333,26368.9
1844,9231.0,37.833333333333336,26552.533333333333
1845,9236.0,37.833333333333336,26573.966666666667
1846,9241.0,37.86666666666667,26553.133333333335
1847,9246.0,37.8,26656.366666666665
1848,9251.0,37.766666666666666,26616.666666666668
1849,9256.0,37.766666666666666,26570.333333333332
1850,9261.0,37.766666666666666,26429.933333333334
1851,9266.0,37.8,26574.266666666666
1852,9271.0,37.766666666666666,26553.066666666666
1853,9276.0,37.766666666666666,26565.566666666666
1854,9281.0,37.766666666666666,26553.9
1855,9286.0,37.733333333333334,26621.233333333334
1856,9291.0,37.7,26767.166666666668
1857,9296.0,37.666666666666664,26844.333333333332
1858,9301.0,37.56666666666667,26926.5
1859,9306.0,37.5,26847.5
1860,9311.0,37.43333333333333,26873.133333333335
1861,9316.0,37.4,26748.733333333334
1862,9321.0,37.43333333333333,26794.166666666668
1863,9326.0,37.4,26792.066666666666
1864,9331.0,37.333333333333336,26758.2
1865,9336.0,37.3,26765.1
1866,9341.0,37.166666666666664,26798.266666666666
1867,9346.0,37.166666666666664,26848.733333333334
1868,9351.0,37.1,26900.666666666668
1869,9356.0,37.06666666666667,26896.833333333332
1870,9361.0,37.03333333333333,26987.0
1871,9366.0,36.93333333333333,27057.533333333333
1872,9371.0,36.833333333333336,27047.666666666668
1873,9376.0,36.833333333333336,27027.633333333335
1874,9381.0,36.833333333333336,27037.866666666665
1875,9386.0,36.833333333333336,27168.366666666665
1876,9391.0,36.766666666666666,27275.9
1877,9396.0,36.766666666666666,27111.6
1878,9401.0,36.766666666666666,27171.833333333332
1879,9406.0,36.8,27362.766666666666
1880,9411.0,36.8,27471.966666666667
1881,9416.0,36.8,27280.033333333333
1882,9421.0,36.8,27482.433333333334
1883,9426.0,36.8,27373.5
1884,9431.0,36.766666666666666,27356.833333333332
1885,9436.0,36.766666666666666,27570.7
1886,9441.0,36.733333333333334,27515.933333333334
1887,9446.0,36.733333333333334,27560.9
1888,9451.0,36.7,27631.733333333334
1889,9456.0,36.46666666666667,27598.2
1890,9461.0,36.43333333333333,27494.6
1891,9466.0,36.333333333333336,27476.333333333332
1892,9471.0,36.333333333333336,27598.8
1893,9476.0,36.266666666666666,27542.666666666668
1894,9481.0,36.233333333333334,27501.5
1895,9486.0,36.2,27893.666666666668
1896,9491.0,36.13333333333333,27576.966666666667
1897,9496.0,36.06666666666667,27886.5
1898,9501.0,36.0,27673.366666666665
1899,9506.0,36.0,27693.9
1900,9511.0,35.93333333333333,28084.433333333334
1901,9516.0,35.9,27854.1
1902,9521.0,35.9,27795.533333333333
1903,9526.0,35.9,27930.7
1904,9531.0,35.86666666666667,27816.2
1905,9536.0,35.833333333333336,28000.4
1906,9541.0,35.833333333333336,27885.566666666666
1907,9546.0,35.833333333333336,28422.233333333334
1908,9551.0,35.8,28088.733333333334
1909,9556.0,35.733333333333334,27998.0
1910,9561.0,35.7,28120.166666666668
1911,9566.0,35.666666666666664,28056.933333333334
1912,9571.0,35.666666666666664,27964.266666666666
1913,9576.0,35.63333333333333,28414.666666666668
1914,9581.0,35.53333333333333,28300.4
1915,9586.0,35.46666666666667,28193.7
1916,9591.0,35.5,28245.0
1917,9596.0,35.46666666666667,28096.666666666668
1918,9601.0,35.46666666666667,28207.3
1919,9606.0,35.46666666666667,28226.366666666665
1920,9611.0,35.4,28245.5
1921,9616.0,35.36666666666667,28178.433333333334
1922,9621.0,35.36666666666667,28517.566666666666
1923,9626.0,35.3,28344.266666666666
1924,9631.0,35.266666666666666,28340.233333333334
1925,9636.0,35.2,28290.666666666668
1926,9641.0,35.13333333333333,28277.6
1927,9646.0,35.1,28343.366666666665
1928,9651.0,35.1,28395.633333333335
1929,9656.0,35.03333333333333,28579.333333333332
1930,9661.0,34.93333333333333,28629.733333333334
1931,9666.0,34.9,28808.766666666666
1932,9671.0,34.86666666666667,28611.866666666665
1933,9676.0,34.86666666666667,28498.6
1934,9681.0,34.86666666666667,28652.933333333334
1935,9686.0,34.833333333333336,28640.533333333333
1936,9691.0,34.833333333333336,28565.1
1937,9696.0,34.833333333333336,28856.533333333333
1938,9701.0,34.833333333333336,28553.933333333334
1939,9706.0,34.833333333333336,28636.266666666666
1940,9711.0,34.8,28651.533333333333
1941,9716.0,34.8,28646.933333333334
1942,9721.0,34.766666666666666,28807.766666666666
1943,9726.0,34.766666666666666,28746.533333333333
1944,9731.0,34.766666666666666,28898.366666666665
1945,9736.0,34.7,28952.833333333332
1946,9741.0,34.63333333333333,29236.866666666665
1947,9746.0,34.6,29025.6
1948,9751.0,34.56666666666667,29154.666666666668
1949,9756.0,34.56666666666667,29082.033333333333
1950,9761.0,34.56666666666667,29188.933333333334
1951,9766.0,34.56666666666667,29067.133333333335
1952,9771.0,34.56666666666667,28938.666666666668
1953,9776.0,34.46666666666667,29253.933333333334
1954,9781.0,34.43333333333333,29053.633333333335
1955,9786.0,34.36666666666667,28993.866666666665
1956,9791.0,34.3,29260.866666666665
1957,9796.0,34.2,29572.7
1958,9801.0,34.13333333333333,29318.833333333332
1959,9806.0,34.03333333333333,29308.866666666665
1960,9811.0,34.03333333333333,29375.0
1961,9816.0,34.0,29244.266666666666
1962,9821.0,33.93333333333333,29267.633333333335
1963,9826.0,33.9,29252.8
1964,9831.0,33.9,29287.566666666666
1965,9836.0,33.9,29281.366666666665
1966,9841.0,33.9,29371.066666666666
1967,9846.0,33.9,29359.666666666668
1968,9851.0,33.86666666666667,29560.666666666668
1969,9856.0,33.86666666666667,29395.333333333332
1970,9861.0,33.8,29398.266666666666
1971,9866.0,33.8,29540.5
1972,9871.0,33.8,29510.2
1973,9876.0,33.8,29667.933333333334
1974,9881.0,33.8,29495.466666666667
1975,9886.0,33.766666666666666,29653.666666666668
1976,9891.0,33.766666666666666,29626.433333333334
1977,9896.0,33.766666666666666,29641.566666666666
1978,9901.0,33.733333333333334,29704.1
1979,9906.0,33.7,29663.7
1980,9911.0,33.733333333333334,29797.1
1981,9916.0,33.666666666666664,29922.666666666668
1982,9921.0,33.6,29857.5
1983,9926.0,33.53333333333333,30124.033333333333
1984,9931.0,33.43333333333333,29754.233333333334
1985,9936.0,33.4,29860.8
1986,9941.0,33.36666666666667,29916.266666666666
1987,9946.0,33.233333333333334,29969.366666666665
1988,9951.0,33.166666666666664,29895.633333333335
1989,9956.0,33.166666666666664,29925.133333333335
1990,9961.0,33.13333333333333,30039.8
1991,9966.0,33.1,30030.4
1992,9971.0,33.06666666666667,30010.666666666668
1993,9976.0,33.03333333333333,30122.5
1994,9981.0,33.0,30018.566666666666
1995,9986.0,33.0,30235.666666666668
1996,9991.0,32.96666666666667,30232.833333333332
1997,9996.0,32.96666666666667,30252.333333333332
1998,10001.0,32.96666666666667,30252.133333333335
1999,10006.0,32.96666666666667,30312.8
2000,10011.0,32.96666666666667,30363.733333333334
2001,10016.0,32.96666666666667,30567.1
2002,10021.0,32.93333333333333,30333.3
2003,10026.0,32.9,30344.0
2004,10031.0,32.9,30317.233333333334
2005,10036.0,32.9,30408.0
2006,10041.0,32.9,30344.466666666667
2007,10046.0,32.9,30379.4
2008,10051.0,32.9,30591.9
2009,10056.0,32.9,30380.533333333333
2010,10061.0,32.86666666666667,30421.566666666666
2011,10066.0,32.833333333333336,30629.566666666666
2012,10071.0,32.733333333333334,30778.6
2013,10076.0,32.7,30679.6
2014,10081.0,32.63333333333333,30554.0
2015,10086.0,32.6,30669.4
2016,10091.0,32.56666666666667,30666.366666666665
2017,10096.0,32.6,30829.066666666666
2018,10101.0,32.56666666666667,30665.666666666668
2019,10106.0,32.46666666666667,30763.433333333334
2020,10111.0,32.4,30757.966666666667
2021,10116.0,32.333333333333336,30964.566666666666
2022,10121.0,32.3,30787.766666666666
2023,10126.0,32.266666666666666,30905.933333333334
2024,10131.0,32.2,31182.8
2025,10136.0,32.166666666666664,31257.8
2026,10141.0,32.1,31162.966666666667
2027,10146.0,31.966666666666665,30877.133333333335
2028,10151.0,31.933333333333334,30956.2
2029,10156.0,31.933333333333334,31091.033333333333
2030,10161.0,31.933333333333334,31016.8
2031,10166.0,31.933333333333334,31201.833333333332
2032,10171.0,31.9,31565.2
2033,10176.0,31.866666666666667,31224.6
2034,10181.0,31.866666666666667,31145.066666666666
2035,10186.0,31.833333333333332,31443.7
2036,10191.0,31.833333333333332,31172.3
2037,10196.0,31.833333333333332,31436.766666666666
2038,10201.0,31.8,31253.966666666667
2039,10206.0,31.766666666666666,31438.066666666666
2040,10211.0,31.766666666666666,31334.833333333332
2041,10216.0,31.766666666666666,31238.066666666666
2042,10221.0,31.766666666666666,31347.133333333335
2043,10226.0,31.766666666666666,31337.2
2044,10231.0,31.766666666666666,31417.3
2045,10236.0,31.766666666666666,31521.8
2046,10241.0,31.733333333333334,31486.866666666665
2047,10246.0,31.7,31507.433333333334
2048,10251.0,31.666666666666668,31667.4
2049,10256.0,31.666666666666668,31578.366666666665
2050,10261.0,31.6,31647.233333333334
2051,10266.0,31.566666666666666,31502.933333333334
2052,10271.0,31.566666666666666,31508.966666666667
2053,10276.0,31.533333333333335,31548.6
2054,10281.0,31.5,31700.3
2055,10286.0,31.5,31852.166666666668
2056,10291.0,31.366666666666667,31984.366666666665
2057,10296.0,31.3,31712.733333333334
2058,10301.0,31.333333333333332,31711.766666666666
2059,10306.0,31.3,31813.233333333334
2060,10311.0,31.233333333333334,31792.133333333335
2061,10316.0,31.133333333333333,31923.0
2062,10321.0,31.066666666666666,31923.333333333332
2063,10326.0,31.066666666666666,31840.033333333333
2064,10331.0,31.033333333333335,31931.5
2065,10336.0,30.966666666666665,32034.6
2066,10341.0,30.966666666666665,31919.966666666667
2067,10346.0,30.966666666666665,32286.6
2068,10351.0,30.966666666666665,32006.366666666665
2069,10356.0,30.966666666666665,32180.766666666666
2070,10361.0,30.966666666666665,31974.766666666666
2071,10366.0,30.966666666666665,32063.133333333335
2072,10371.0,30.933333333333334,32102.066666666666
2073,10376.0,31.0,32244.068965517243
2074,10381.0,30.96551724137931,32029.724137931036
2075,10386.0,30.96551724137931,32246.275862068964
2076,10391.0,30.96551724137931,32110.275862068964
2077,10396.0,30.96551724137931,32226.827586206895
2078,10401.0,30.96551724137931,32425.58620689655
2079,10406.0,30.96551724137931,32415.379310344826
2080,10411.0,30.96551724137931,32254.44827586207
2081,10416.0,30.93103448275862,32672.689655172413
2082,10421.0,30.896551724137932,32255.724137931036
2083,10426.0,30.896551724137932,32353.0
2084,10431.0,30.862068965517242,32396.58620689655
2085,10436.0,30.862068965517242,32509.344827586207
2086,10441.0,30.862068965517242,32408.0
2087,10446.0,30.79310344827586,32482.724137931036
2088,10451.0,30.82758620689655,32569.724137931036
2089,10456.0,30.82758620689655,32549.241379310344
2090,10461.0,30.82758620689655,32759.758620689656
2091,10466.0,30.79310344827586,32615.931034482757
2092,10471.0,30.689655172413794,32793.68965517241
2093,10476.0,30.551724137931036,32557.620689655174
2094,10481.0,30.448275862068964,32644.896551724138
2095,10486.0,30.344827586206897,32663.41379310345
2096,10491.0,30.24137931034483,32750.0
2097,10496.0,30.25,32660.321428571428
2098,10501.0,30.142857142857142,32847.75
2099,10506.0,30.142857142857142,32702.821428571428
2100,10511.0,30.071428571428573,33030.96428571428
2101,10516.0,30.035714285714285,32814.67857142857
2102,10521.0,30.0,33191.642857142855
2103,10526.0,30.0,33127.32142857143
2104,10531.0,30.0,33196.607142857145
2105,10536.0,30.0,32920.857142857145
2106,10541.0,30.0,33094.96428571428
2107,10546.0,29.964285714285715,33327.07142857143
2108,10551.0,30.0,33302.555555555555
2109,10556.0,30.0,33204.03703703704
2110,10561.0,30.0,33569.444444444445
2111,10566.0,30.0,33357.88888888889
2112,10571.0,29.962962962962962,33242.444444444445
2113,10576.0,30.0,33108.807692307695
2114,10581.0,30.0,33137.653846153844
2115,10586.0,30.0,33067.653846153844
2116,10591.0,29.96153846153846,33458.653846153844
2117,10596.0,30.0,33286.16
2118,10601.0,30.0,33372.68
2119,10606.0,30.0,33293.04
2120,10611.0,30.0,33201.64
2121,10616.0,30.0,33369.08
2122,10621.0,29.96,33326.52
2123,10626.0,29.958333333333332,33642.833333333336
2124,10631.0,29.956521739130434,33350.47826086957
2125,10636.0,29.90909090909091,33446.045454545456
2126,10641.0,30.0,33482.8
2127,10646.0,30.0,33600.0
2128,10651.0,29.9,33414.4
2129,10656.0,30.0,33480.555555555555
2130,10661.0,30.0,33388.61111111111
2131,10666.0,29.88888888888889,33493.833333333336
2132,10671.0,29.875,33495.9375
2133,10676.0,30.0,33579.57142857143
2134,10681.0,29.857142857142858,33452.642857142855
2135,10686.0,29.833333333333332,35563.5
2136,10691.0,29.8,33489.2
2137,10696.0,29.875,33490.875
2138,10701.0,30.0,33603.0
2139,10706.0,30.0,33566.42857142857
2140,10711.0,29.857142857142858,33629.142857142855
2141,10716.0,29.833333333333332,33731.666666666664
2142,10721.0,30.0,33680.4
2143,10726.0,29.8,33640.4
2144,10731.0,29.75,33600.25
2145,10736.0,29.666666666666668,33662.333333333336
2146,10741.0,30.0,33522.5
2147,10746.0,30.0,33849.5
2148,10751.0,30.0,33602.5
2149,10756.0,29.5,33680.5
2150,10761.0,30.0,33716.0
2151,10766.0,29.0,33545.0
